256 128
83.44 46.12 9.22 2.852
 34 5 0 0 0 0 2 5 79 23 0 0 0 0 1 24 151 5 0 0
 0 0 1 69 78 1 0 0 0 0 0 13 38 7 0 0 0 0 1 8
 151 17 0 0 0 0 8 151 139 3 0 0 0 0 29 151 34 2 2 0
 0 0 1 21 36 8 0 0 0 2 2 8 151 96 0 0 0 0 0 25
 151 56 0 0 0 0 9 47 1 0 0 0 0 0 21 16 15 4 0 0
 2 16 1 3 151 75 0 0 0 0 0 2 151 96 0 0 0 0 4 9
 9 4 5 1 0 0 14 16
37.65 46.96 9.04 3.025
 74 3 0 0 0 0 1 10 200 19 0 0 0 0 6 59 73 1 0 0
 0 0 25 54 0 0 0 0 0 0 12 3 76 6 0 0 2 3 0 9
 200 44 0 0 0 0 0 9 155 8 0 0 0 0 34 29 1 2 2 0
 0 0 42 15 53 1 0 0 7 6 1 17 200 22 0 0 0 0 0 53
 182 13 8 3 3 0 2 22 1 7 35 6 2 0 2 3 22 0 0 0
 7 2 2 11 200 0 0 0 0 0 0 36 48 0 0 1 4 1 0 13
 0 0 4 3 3 0 0 0
21.64 68.30 8.63 2.963
 19 3 0 0 4 14 1 6 198 46 0 0 0 0 0 3 198 58 0 0
 0 0 5 14 13 1 0 0 0 0 34 19 12 1 0 0 23 35 1 8
 198 34 0 0 0 0 0 13 198 79 0 0 0 0 1 20 38 11 15 4
 2 0 6 9 5 0 0 0 48 29 1 9 193 4 0 0 0 1 3 28
 198 6 0 0 0 0 0 47 24 0 3 4 9 2 0 5 1 0 0 0
 12 2 0 1 11 0 0 0 0 0 0 1 18 0 0 0 0 0 0 0
 0 0 0 0 0 0 0 0
170.22 122.83 5.78 3.041
 0 0 0 0 8 50 42 0 20 0 0 2 76 91 10 7 68 1 0 0
 6 6 21 62 15 1 0 1 1 3 24 63 1 0 0 60 80 43 32 7
 43 5 0 96 131 66 6 4 131 37 7 5 20 5 10 46 21 26 11 2
 2 2 20 59 12 0 0 15 79 108 34 5 26 1 0 26 131 131 42 7
 131 23 2 2 28 31 8 56 47 32 4 0 4 8 18 77 18 0 0 38
 35 27 13 8 11 1 0 101 131 65 10 1 131 21 2 11 46 12 3 26
 62 28 3 0 2 4 4 53
170.22 122.83 5.78 0.058
 6 6 7 47 51 23 1 0 23 4 5 55 126 13 2 10 126 43 3 6
 25 0 2 126 49 26 5 9 8 0 2 68 4 5 39 79 34 20 3 0
 34 24 13 93 126 10 1 4 126 126 23 11 18 0 0 42 70 101 22 8
 12 0 0 16 1 2 32 61 30 24 6 2 47 7 12 62 126 10 3 20
 126 52 5 3 16 0 5 126 74 31 16 12 2 0 2 56 0 1 28 50
 9 0 0 0 31 15 12 47 43 0 0 1 95 90 17 2 2 0 0 11
 5 55 30 2 0 0 0 3
21.12 65.88 6.91 2.957
 17 10 1 2 2 3 3 9 189 50 0 0 0 0 1 3 189 59 0 0
 0 0 5 12 10 0 0 0 0 0 33 13 16 11 2 2 8 6 4 14
 189 44 0 1 1 1 1 6 189 105 0 0 0 0 1 9 36 11 10 3
 0 0 6 4 16 7 0 0 20 13 4 16 189 11 0 0 3 4 3 27
 189 15 0 0 0 0 0 77 33 2 2 2 7 6 0 9 10 0 0 0
 17 4 1 10 48 4 0 0 3 3 1 5 105 1 0 0 0 0 0 9
 4 0 0 0 0 0 0 1
185.43 133.32 5.09 -0.093
 14 15 14 26 125 9 4 3 125 125 50 9 44 1 2 13 114 102 86 8
 3 1 4 21 29 14 3 16 46 6 0 1 11 4 13 18 125 31 14 11
 125 45 5 2 78 9 12 106 115 33 35 5 0 0 36 125 20 11 17 37
 20 0 0 6 5 15 42 46 124 3 1 0 125 125 19 8 65 1 0 11
 31 90 125 6 0 0 2 11 1 40 43 6 4 0 0 0 0 3 1 2
 8 0 0 0 4 8 1 0 5 0 0 0 0 4 5 0 0 0 0 0
 0 1 0 0 0 0 0 0
181.35 108.46 4.77 3.040
 4 0 0 0 5 13 2 0 20 0 0 0 0 5 2 3 23 0 0 0
 0 6 5 13 10 0 0 0 1 15 10 12 31 0 0 10 137 137 26 4
 137 5 1 1 24 27 40 51 53 7 10 2 1 15 100 127 20 5 8 19
 10 30 36 51 28 4 14 111 137 36 4 1 137 47 9 18 44 7 8 16
 53 49 63 27 6 5 37 53 18 22 13 22 17 13 39 47 12 0 2 13
 106 137 52 7 137 11 1 2 36 45 11 27 67 25 18 7 3 6 62 92
 17 18 3 6 34 23 28 55
153.71 132.92 4.97 -0.011
 3 4 10 29 113 4 5 5 104 99 19 13 54 0 1 16 86 74 58 5
 1 0 7 34 34 17 4 16 37 6 0 3 7 4 11 22 113 10 9 8
 113 25 3 5 72 1 5 105 73 24 25 1 2 0 31 113 12 5 5 20
 38 0 1 12 5 6 19 41 113 7 7 3 113 113 26 14 65 0 0 12
 90 111 108 4 0 0 2 15 37 23 7 10 36 4 0 3 3 2 9 14
 113 9 10 6 113 22 2 4 61 1 6 64 84 20 10 1 0 0 30 84
 32 8 6 23 10 0 0 9
144.44 11.28 5.35 2.881
 26 0 0 0 21 34 2 14 104 0 0 0 0 2 10 86 7 0 0 1
 3 4 39 30 0 0 0 0 0 0 0 0 43 1 0 0 28 58 2 9
 167 13 0 0 1 6 41 144 49 2 0 0 0 2 167 142 0 0 0 0
 0 0 11 4 33 5 0 0 22 46 2 3 167 67 0 0 5 14 2 22
 167 22 0 0 0 0 28 53 0 0 0 0 0 0 6 5 22 19 1 0
 8 16 2 4 167 7 0 0 4 11 3 42 167 4 0 0 0 0 2 33
 1 0 0 0 0 0 2 5
138.27 122.89 5.85 3.031
 5 1 4 20 72 59 46 6 65 3 2 15 104 114 32 7 125 19 11 6
 8 9 23 35 18 23 8 4 14 12 24 47 16 1 9 59 41 27 35 6
 58 6 8 98 125 59 17 2 125 29 12 14 26 10 16 28 53 35 10 7
 17 15 15 53 24 5 3 24 73 61 40 11 36 1 3 33 125 125 64 12
 125 15 7 13 36 33 12 23 46 51 13 14 14 12 13 44 39 5 1 31
 19 14 18 7 13 0 1 88 125 47 22 4 125 7 3 12 46 17 9 20
 32 33 12 10 7 8 11 40
138.27 122.89 5.85 -0.043
 8 8 14 43 33 28 9 8 47 15 9 28 124 3 3 15 124 41 20 5
 12 0 3 102 19 12 14 10 38 3 2 34 13 9 15 47 48 46 13 13
 45 37 12 34 124 5 6 12 124 124 67 11 22 0 5 41 69 52 35 12
 29 5 3 18 14 11 18 52 57 35 13 7 49 12 12 25 124 13 10 20
 124 52 22 2 30 1 14 124 31 21 23 10 22 0 10 48 9 7 32 53
 19 20 10 4 25 20 17 32 124 9 7 5 115 112 46 6 28 0 4 25
 69 44 33 7 11 1 3 13
108.89 123.18 5.71 2.969
 12 2 4 40 75 54 32 9 47 5 2 29 115 123 44 10 123 28 7 11
 19 24 11 20 38 51 12 12 12 11 10 36 45 12 0 31 28 38 47 9
 21 2 0 90 123 92 44 7 123 25 3 13 70 24 11 20 51 46 18 15
 9 11 16 56 56 6 0 29 66 33 9 16 4 0 0 57 117 123 75 32
 105 7 2 7 29 99 40 57 43 33 15 17 7 7 20 69 55 18 6 0
 10 15 15 7 3 5 9 1 65 77 62 19 3 0 0 2 56 78 35 37
 22 20 9 20 24 10 11 37
108.89 123.18 5.71 -0.166
 19 7 11 38 25 26 11 19 46 66 34 47 6 0 0 4 72 94 66 20
 1 2 5 0 16 22 23 9 47 15 4 0 8 9 16 65 42 40 16 16
 23 69 31 53 121 10 4 11 121 121 63 28 12 0 0 62 74 31 10 15
 45 4 0 43 11 15 16 59 44 46 15 13 48 18 14 24 121 26 5 12
 121 104 42 8 40 3 0 71 36 51 60 9 33 9 0 32 14 14 8 33
 35 49 11 11 11 14 14 26 121 28 8 12 114 121 30 9 69 7 2 30
 80 51 29 8 8 1 5 52
77.77 64.05 5.47 3.044
 8 12 3 6 8 10 3 10 40 11 1 0 0 1 7 35 54 3 0 0
 0 0 86 176 23 0 0 0 0 0 143 129 10 12 3 7 9 15 5 15
 138 21 1 1 1 1 1 28 176 19 0 0 0 0 27 112 34 0 0 0
 0 0 69 70 14 12 3 6 9 13 5 20 121 20 1 2 2 2 2 29
 176 38 0 0 0 0 0 5 73 2 0 0 0 0 2 5 12 12 4 6
 5 6 3 13 79 16 1 2 2 2 1 13 176 29 0 0 0 0 0 6
 73 2 0 0 0 0 17 13
59.79 64.04 5.54 3.061
 8 10 2 5 8 11 3 10 137 16 1 1 0 0 1 23 198 11 0 0
 0 0 19 74 19 0 0 0 0 0 42 41 12 11 3 7 9 13 5 19
 161 20 0 1 1 1 1 26 198 26 0 0 0 0 0 5 47 0 0 0
 0 0 5 5 15 12 4 7 6 8 5 17 142 20 1 2 1 2 1 16
 198 24 0 0 0 0 1 13 58 0 0 0 0 1 30 16 9 10 5 7
 4 4 3 13 92 14 1 2 1 1 0 14 198 34 0 0 0 0 0 5
 69 7 3 0 0 1 9 5
43.40 64.37 5.66 3.064
 9 8 2 5 7 9 3 14 157 16 0 0 0 0 1 19 192 15 0 0
 0 0 0 4 20 0 0 0 0 0 3 3 14 11 3 7 6 8 5 16
 180 21 0 1 1 1 1 15 192 18 0 0 0 0 2 15 30 0 0 0
 0 1 33 12 11 11 5 8 5 5 4 16 154 20 1 2 1 1 0 17
 192 37 0 0 0 0 1 7 50 6 4 1 0 1 13 6 10 7 2 3
 9 6 4 15 105 9 0 1 2 1 0 34 192 11 0 0 0 0 0 75
 34 4 5 1 1 2 0 7
20.13 181.98 5.43 -1.360
 0 0 7 7 0 0 0 0 1 1 10 40 9 0 0 0 17 3 2 4
 0 0 0 0 2 0 0 0 0 0 0 0 0 6 47 22 2 6 11 0
 24 29 85 142 45 31 12 4 142 77 23 23 4 5 4 17 61 3 0 0
 2 23 61 28 0 1 3 2 1 61 97 0 18 5 6 21 26 142 142 27
 142 22 2 2 2 37 69 129 142 71 7 6 11 12 27 34 0 0 0 0
 0 44 66 0 0 0 0 0 0 142 106 3 33 0 0 0 3 62 70 82
 27 37 28 19 16 6 9 16
175.72 80.02 3.85 2.201
 43 27 0 0 0 1 7 11 66 60 29 18 15 3 1 8 79 108 34 7
 6 1 0 8 19 108 22 0 0 0 0 0 46 31 3 0 5 19 79 71
 59 30 23 71 61 13 14 50 108 97 31 23 12 9 2 20 52 96 37 9
 6 9 3 11 108 65 15 13 10 6 11 58 27 16 35 31 79 75 27 40
 106 21 11 27 28 29 23 108 45 73 41 34 20 17 5 14 30 27 26 61
 43 6 4 56 101 69 72 48 24 13 8 35 108 32 16 4 19 62 33 52
 30 17 14 7 19 81 69 31
157.58 108.81 4.41 3.054
 63 6 4 45 133 13 0 0 134 22 12 18 9 3 12 8 18 37 50 27
 9 3 23 24 11 14 10 23 20 11 23 20 67 4 1 11 108 111 10 10
 134 16 3 8 14 19 25 21 33 20 15 12 11 16 87 103 15 10 7 16
 38 18 38 54 41 1 2 39 134 82 13 6 134 17 9 22 36 9 6 8
 61 71 50 47 14 6 22 31 43 43 4 10 52 35 13 20 29 4 8 60
 134 32 2 3 134 14 0 8 21 13 12 9 46 18 9 15 10 14 56 73
 29 19 4 10 40 22 8 41
155.67 80.39 3.82 0.071
 1 2 13 67 67 16 3 0 8 9 22 50 70 29 21 12 106 32 16 30
 22 10 18 58 20 11 50 106 55 25 5 4 5 3 9 58 103 36 9 3
 21 22 53 90 48 22 16 12 106 74 40 26 44 23 9 29 18 5 16 54
 106 105 32 19 5 2 18 86 75 18 4 3 15 7 35 53 59 45 43 26
 106 33 61 50 14 11 24 59 12 14 106 106 40 41 20 5 2 0 10 61
 59 19 4 3 9 11 61 106 31 13 16 11 28 39 73 44 21 19 9 30
 9 10 40 63 41 48 33 19
153.93 121.01 4.45 3.051
 4 8 34 50 66 13 3 3 33 7 11 52 132 29 1 3 132 20 3 11
 16 6 3 4 21 17 23 21 11 7 22 23 7 3 2 7 80 64 81 33
 24 2 0 4 132 132 40 26 132 11 2 3 37 29 9 15 41 21 21 17
 3 7 48 41 5 1 25 53 16 12 37 6 12 2 17 107 132 31 11 3
 132 16 2 22 69 9 2 2 56 24 18 30 19 12 25 29 8 5 15 37
 88 32 12 13 12 5 11 34 107 90 18 19 132 9 0 4 31 37 4 9
 56 14 10 21 7 5 27 24
153.93 121.01 4.45 0.034
 5 8 36 41 24 20 11 12 9 11 14 36 129 0 1 7 119 81 10 17
 43 2 3 25 80 35 31 20 6 6 15 30 12 8 20 29 48 36 28 28
 32 6 5 28 129 3 6 23 129 13 3 5 43 1 11 129 35 8 18 1
 1 3 51 77 5 13 66 46 27 16 16 9 27 17 14 48 129 2 3 4
 129 125 32 20 32 0 0 12 61 63 95 24 4 1 2 9 8 6 17 15
 23 20 29 21 16 5 2 19 129 3 3 14 123 25 3 7 28 5 12 68
 78 14 6 7 6 10 29 45
131.78 109.06 4.60 3.044
 14 0 2 31 127 63 18 7 127 14 4 14 44 12 3 5 51 45 34 36
 11 5 17 23 33 34 4 7 34 23 9 17 16 5 17 75 127 42 4 5
 127 19 0 12 41 21 9 9 69 23 12 21 11 15 62 72 34 29 6 10
 43 27 11 50 7 1 1 9 117 127 48 37 127 8 0 6 73 56 2 9
 91 33 19 52 40 11 18 29 51 57 12 16 24 16 9 38 1 0 9 78
 127 17 10 3 127 5 0 17 78 11 1 10 74 16 10 20 12 10 29 37
 22 38 10 10 19 17 11 38
123.59 132.17 4.33 0.112
 2 2 7 39 82 3 9 15 76 48 7 38 49 0 0 34 77 31 12 20
 7 4 28 73 67 11 5 18 18 1 4 37 22 7 8 44 116 0 1 12
 116 18 4 21 55 0 1 115 63 20 46 5 0 0 38 116 6 8 10 19
 44 2 6 22 10 8 8 58 116 0 3 9 116 112 20 29 41 1 0 15
 110 79 106 42 5 4 4 19 67 26 12 14 46 10 0 10 17 4 4 33
 116 1 1 13 116 11 1 7 24 3 14 116 61 7 3 4 4 9 60 81
 35 7 5 27 21 0 2 16
107.51 109.11 4.49 3.024
 30 2 1 3 101 131 21 21 131 15 1 11 29 23 6 8 52 53 28 50
 28 7 16 32 35 49 9 14 30 20 7 23 16 0 5 79 131 43 13 8
 131 18 0 11 70 14 6 10 65 29 14 24 22 18 52 87 29 39 11 13
 39 38 16 56 13 3 10 48 113 109 17 23 131 7 1 9 28 55 13 40
 67 36 24 75 30 7 16 42 48 60 17 21 21 18 9 55 5 0 0 1
 67 90 42 48 37 0 0 1 44 68 22 59 21 11 9 25 14 8 38 68
 25 47 14 12 15 18 9 47
91.12 51.42 4.31 2.860
 11 15 8 3 1 1 3 8 23 33 16 5 4 4 5 17 46 18 2 0
 0 2 22 58 139 13 0 0 0 1 29 51 23 14 6 1 0 2 7 17
 91 7 0 0 2 6 54 139 30 0 0 0 0 0 139 139 28 0 0 0
 0 0 126 139 38 17 7 1 0 0 5 15 139 90 1 0 0 0 5 53
 139 39 0 0 0 0 30 91 5 0 0 0 0 0 13 28 13 12 8 4
 3 1 3 12 139 92 2 0 0 0 1 7 139 89 0 0 0 0 0 1
 8 1 0 0 0 0 1 1
91.12 51.42 4.31 1.926
 5 19 22 8 0 1 7 4 96 65 12 0 0 0 1 48 135 43 4 0
 0 0 0 73 12 2 0 0 1 0 0 3 15 28 33 22 5 3 4 4
 135 69 6 0 0 0 1 57 135 45 8 0 0 0 0 57 9 13 3 0
 0 0 0 0 21 20 9 4 2 2 5 10 124 135 50 2 0 0 2 14
 38 135 135 0 0 0 0 3 1 135 130 0 0 0 0 0 10 9 13 9
 4 2 2 4 11 42 27 8 1 0 0 3 7 90 92 7 0 0 0 1
 4 132 127 1 0 0 0 0
89.08 93.38 3.89 2.345
 99 40 33 3 6 32 22 28 17 12 33 19 34 62 48 23 39 42 51 28
 23 12 7 14 60 107 22 6 0 0 2 15 38 44 81 51 65 6 4 26
 109 106 91 21 30 27 18 22 53 13 9 9 31 80 95 37 40 20 41 28
 28 12 8 15 33 89 7 11 63 33 11 18 109 35 33 18 25 17 17 80
 53 81 109 36 35 27 15 7 49 23 9 8 36 67 45 17 81 44 0 0
 0 26 39 23 59 5 4 10 69 20 6 37 109 46 27 19 73 36 6 20
 99 40 46 13 10 19 18 11
61.42 136.18 4.39 -3.142
 95 11 13 2 1 2 4 16 11 16 28 6 43 19 56 16 0 1 0 17
 123 52 26 14 5 0 0 15 32 20 32 69 44 30 77 96 18 1 0 2
 123 122 99 45 33 15 0 7 26 6 0 3 123 123 22 6 0 0 0 10
 70 58 35 12 18 6 10 69 104 55 61 56 123 31 16 35 17 13 40 123
 32 4 4 35 56 60 17 6 0 0 0 17 83 84 15 0 16 26 30 1
 3 17 53 40 20 8 17 6 0 2 29 69 3 0 0 4 5 13 31 20
 0 0 0 3 104 56 13 0
45.70 94.77 3.64 2.421
 116 40 47 9 7 18 14 19 7 19 35 20 72 51 19 5 94 37 16 10
 15 15 15 21 35 100 30 20 0 0 0 8 44 43 76 45 80 12 7 20
 116 93 54 15 17 25 29 25 34 7 13 18 58 46 62 23 81 29 18 16
 34 5 1 9 24 1 0 2 88 116 35 19 116 36 47 26 21 27 22 51
 47 60 104 50 46 17 9 5 56 17 6 7 26 33 36 17 0 0 0 0
 1 116 50 7 8 2 6 12 80 106 39 16 116 43 19 15 60 26 8 26
 66 17 24 8 20 41 24 17
170.98 111.19 2.99 3.109
 41 1 0 21 146 16 0 0 146 3 0 0 3 5 6 12 32 2 17 7
 1 25 92 13 6 12 18 4 1 1 64 40 58 0 0 63 108 1 0 1
 146 7 1 6 6 0 0 2 45 7 52 84 39 1 2 1 33 77 59 27
 4 1 2 6 53 0 0 3 83 73 1 4 146 6 0 2 9 5 3 11
 39 2 1 18 66 47 71 15 38 11 2 5 5 8 81 100 29 0 0 1
 143 82 1 1 146 2 0 0 6 3 3 16 54 4 23 24 1 12 56 19
 23 35 27 12 0 2 40 35
167.99 149.55 2.89 -0.038
 14 24 110 45 0 0 6 7 12 56 103 11 4 0 2 5 3 4 8 16
 63 9 3 3 0 0 0 5 24 2 0 0 60 73 106 138 93 6 0 2
 139 126 67 14 8 5 8 54 44 8 4 18 109 52 18 33 0 0 2 8
 42 4 0 0 103 8 0 5 112 72 34 50 139 75 17 7 9 10 19 95
 36 38 37 91 72 4 1 6 0 2 6 25 25 0 0 0 27 2 2 0
 4 33 91 61 25 7 7 2 2 3 44 98 3 4 6 27 33 1 1 5
 0 1 4 11 8 0 0 0
132.56 149.75 2.91 0.033
 31 12 68 28 0 0 10 34 8 32 82 11 3 0 5 9 2 2 6 23
 108 13 2 2 8 13 6 14 58 25 15 5 51 69 121 133 57 3 0 3
 133 120 86 21 8 5 6 41 40 7 3 20 133 42 12 24 0 0 1 6
 51 15 12 2 94 14 3 20 95 59 33 58 133 59 15 11 9 7 15 102
 32 27 24 97 99 2 0 4 0 1 7 22 30 0 0 0 19 0 1 0
 3 26 95 74 23 4 3 3 8 3 36 102 2 2 3 25 71 2 1 4
 0 2 4 10 17 0 0 0
115.40 81.11 3.65 2.283
 53 46 15 22 38 49 17 16 75 42 23 12 14 30 32 32 39 49 45 25
 24 7 13 25 23 43 33 18 20 44 9 3 25 31 48 9 22 106 61 27
 38 39 55 66 75 44 21 24 92 91 47 21 31 28 22 25 59 45 23 10
 12 19 26 34 87 106 103 18 33 18 4 22 71 37 14 7 38 106 70 36
 84 13 20 34 37 61 47 52 34 66 55 36 31 10 7 8 93 21 6 4
 19 50 20 65 57 70 106 36 49 18 8 20 36 59 60 19 49 55 21 10
 59 18 5 11 24 55 46 24
115.40 81.11 3.65 0.037
 10 11 26 63 81 22 12 12 6 8 12 38 62 48 38 25 59 20 13 25
 25 20 37 66 11 6 28 88 84 52 13 28 32 20 21 68 52 18 12 20
 25 30 54 107 48 23 16 17 107 61 47 42 18 19 15 32 18 9 36 61
 73 97 30 36 8 14 24 43 46 34 22 19 17 16 21 39 83 77 53 37
 91 25 19 35 42 25 36 79 20 10 64 107 97 38 8 21 17 11 14 41
 52 22 13 18 32 24 42 103 39 12 12 17 107 47 30 25 32 28 9 25
 10 3 18 25 81 88 36 40
102.63 52.30 3.63 1.854
 3 8 10 12 3 4 11 2 16 42 18 11 0 2 19 9 132 45 17 0
 0 1 15 73 135 25 2 0 0 0 0 63 1 13 41 44 8 4 1 0
 36 105 47 30 3 5 6 3 135 72 2 0 0 0 0 79 135 24 2 0
 0 0 0 43 4 21 27 16 13 12 6 1 51 41 15 4 2 17 40 20
 135 135 66 0 0 0 3 39 39 135 135 0 0 0 0 10 11 24 18 6
 8 10 7 7 14 24 23 10 9 5 5 11 11 102 71 5 5 5 3 4
 2 105 135 5 3 1 0 0
97.85 149.70 2.83 -0.064
 21 7 42 23 0 0 0 5 5 13 63 23 9 1 2 4 1 0 2 16
 106 17 3 2 0 2 2 3 27 1 0 0 30 41 110 134 48 1 0 3
 134 98 88 22 7 8 8 42 32 4 2 16 134 58 14 24 0 3 1 4
 53 3 0 0 83 35 14 54 121 35 9 42 134 61 19 15 9 5 4 75
 28 22 21 79 134 5 0 4 0 3 5 14 49 0 0 0 63 4 0 0
 12 25 63 90 73 5 1 1 4 3 22 125 4 2 2 11 109 9 1 8
 2 11 14 23 49 0 0 0
94.65 131.55 3.35 0.412
 5 12 40 39 2 0 4 7 39 16 44 33 0 0 0 28 80 8 4 0
 0 0 0 106 24 2 0 4 23 15 8 17 13 10 14 118 34 0 1 12
 121 42 22 29 1 0 0 64 70 25 82 34 0 0 0 82 8 40 44 4
 0 1 2 4 25 14 11 121 43 0 0 11 121 75 17 34 13 1 0 44
 77 49 98 121 36 4 7 73 88 48 34 12 13 5 9 103 31 0 1 37
 16 0 6 121 55 0 0 4 14 20 53 121 34 2 0 8 23 19 56 121
 43 12 16 44 14 1 3 57
56.72 148.53 3.39 2.410
 17 53 6 32 16 0 0 4 1 98 79 81 36 10 2 0 11 130 15 2
 9 48 53 3 0 2 0 2 34 40 33 8 10 67 14 30 44 3 0 0
 16 103 48 81 138 40 1 3 138 138 26 15 33 7 2 19 27 16 2 11
 51 4 1 11 4 11 4 3 12 14 21 3 20 7 1 3 109 138 49 32
 138 20 1 10 25 46 53 138 39 12 4 18 23 0 0 10 5 2 1 24
 61 74 70 45 30 25 4 12 25 27 18 11 36 23 24 41 7 4 16 49
 24 26 12 33 8 0 0 1
54.62 173.81 2.97 -1.003
 52 3 3 28 5 0 0 46 137 12 4 14 2 5 31 92 41 2 0 16
 71 137 101 49 0 0 0 6 55 71 23 7 39 3 3 29 54 13 2 20
 137 40 10 22 14 4 2 74 80 14 11 137 137 18 3 15 0 0 0 51
 88 12 1 0 15 1 1 2 28 49 9 9 129 122 76 21 6 11 5 19
 13 33 101 137 65 0 0 2 2 1 1 22 19 1 0 1 1 34 61 51
 36 10 1 0 5 49 29 3 3 8 2 0 5 4 21 9 1 5 4 4
 2 3 8 3 1 0 0 0
51.18 183.84 3.65 -1.130
 139 8 1 2 6 0 0 60 6 0 0 4 45 47 26 7 0 0 0 0
 2 46 49 3 0 0 0 0 0 1 5 4 139 3 1 14 7 0 0 78
 126 16 2 12 14 47 93 105 14 2 0 9 79 139 139 30 1 0 1 3
 15 19 16 13 82 6 3 26 36 10 1 43 139 71 15 38 37 12 8 35
 48 15 10 128 139 42 9 8 0 0 0 12 43 15 1 0 18 0 2 3
 19 36 11 22 87 73 57 24 13 16 6 8 10 19 56 89 49 0 1 1
 1 1 3 6 15 6 0 0
30.86 186.88 3.42 -1.309
 0 0 9 41 36 1 0 0 61 1 3 3 2 0 0 8 24 0 0 0
 5 1 0 3 0 0 0 0 3 3 1 0 12 29 95 112 41 6 0 1
 142 66 37 4 1 0 0 15 111 1 0 2 30 17 2 10 1 0 0 0
 16 51 78 12 23 11 11 19 44 118 59 25 142 28 4 0 0 7 25 87
 136 11 1 12 17 1 1 15 100 27 1 4 10 32 83 75 2 0 0 0
 0 128 69 12 142 0 0 0 0 21 29 82 80 15 3 20 34 9 0 8
 142 79 9 13 23 5 2 4
190.32 184.52 2.44 1.610
 3 32 13 0 0 0 0 0 15 104 85 14 0 2 5 2 5 26 144 17
 0 7 24 2 2 29 144 1 0 0 17 3 30 20 1 0 0 1 1 2
 144 64 20 7 0 10 55 59 30 6 53 9 3 55 144 39 1 11 45 0
 1 10 144 29 13 0 0 0 2 12 4 6 144 30 3 2 2 12 10 43
 77 28 44 57 9 14 26 11 3 35 131 26 5 4 30 9 1 0 0 0
 0 6 18 11 90 3 0 3 2 5 24 90 24 4 19 92 57 0 0 6
 19 44 105 86 26 0 0 0
187.85 43.64 2.62 2.957
 18 2 0 0 0 0 0 3 12 2 0 0 3 15 9 2 0 0 0 7
 55 40 26 2 1 0 4 12 19 53 113 28 59 40 4 3 1 0 2 17
 113 45 3 1 2 26 64 34 7 1 4 27 104 113 103 13 1 1 13 113
 105 54 96 28 76 24 3 5 1 0 0 33 113 48 31 15 2 3 9 31
 12 10 55 70 106 49 43 13 1 0 7 67 100 50 113 61 45 14 1 0
 2 1 2 37 113 55 4 2 1 2 14 22 40 7 12 16 35 46 88 33
 1 0 6 64 108 61 24 13
187.85 43.64 2.62 0.985
 39 79 36 12 22 69 58 11 76 112 15 0 1 38 107 69 60 59 8 1
 1 32 84 78 32 18 7 7 6 31 52 77 112 63 1 0 0 13 50 66
 112 31 3 2 2 26 112 112 42 36 12 23 23 82 53 47 29 48 74 97
 9 9 3 5 16 4 1 0 0 0 21 30 102 57 42 50 3 3 5 31
 7 14 112 112 21 21 2 2 0 5 66 89 9 2 1 1 1 0 0 0
 0 0 0 1 5 3 28 62 5 0 0 4 0 6 40 56 18 5 6 0
 0 7 54 58 15 2 2 0
173.36 43.92 2.51 3.013
 94 10 0 1 0 0 0 34 88 28 47 26 6 7 16 15 1 1 26 47
 102 45 47 14 1 0 15 77 49 27 112 49 68 36 3 1 3 1 2 20
 112 36 8 6 2 9 58 49 7 2 11 35 106 92 83 20 2 1 17 111
 112 49 41 34 70 11 0 0 2 2 2 32 112 40 34 16 1 2 11 29
 6 8 50 63 79 42 38 10 1 1 15 32 112 97 22 10 43 17 2 1
 3 2 2 17 112 46 5 2 0 1 19 31 26 6 14 21 36 48 74 26
 0 0 4 21 97 80 19 5
159.35 44.08 2.53 3.042
 87 9 0 0 1 1 2 34 114 31 46 24 4 5 17 23 0 2 29 50
 111 52 22 3 2 3 34 40 94 60 28 24 83 35 3 2 3 2 2 18
 114 40 12 7 1 8 59 53 6 3 13 28 89 102 84 17 1 0 18 41
 114 102 45 25 67 11 0 0 4 6 6 40 114 39 43 17 1 2 13 40
 6 7 57 67 58 32 41 17 0 0 10 45 114 101 37 16 59 23 1 0
 1 1 1 12 114 38 7 3 0 1 23 41 16 5 18 32 35 36 68 36
 0 0 5 47 97 59 19 4
145.23 44.39 2.41 3.079
 88 7 0 0 1 3 4 44 110 30 55 22 2 3 16 27 1 2 38 57
 65 33 27 7 0 0 13 45 110 76 34 17 106 37 2 0 1 1 1 14
 110 30 14 8 1 5 63 74 4 2 14 39 67 71 85 28 0 0 15 76
 110 79 30 12 83 9 0 0 1 4 9 46 110 44 67 24 1 2 12 40
 5 8 67 79 31 15 40 28 0 0 4 48 96 94 53 14 63 27 2 0
 0 0 1 8 110 25 8 5 1 2 37 67 6 3 11 21 27 28 69 51
 0 0 3 49 110 54 19 4
120.59 110.66 2.65 3.102
 52 0 0 0 21 44 2 6 143 7 0 0 1 2 3 8 33 3 15 42
 4 9 41 14 32 46 31 55 1 0 15 18 51 0 0 0 138 54 0 7
 143 2 0 1 11 4 0 26 43 2 14 87 130 10 1 10 77 48 17 74
 30 5 12 19 47 0 0 31 143 8 0 7 143 19 2 5 13 1 0 12
 39 10 3 24 143 27 35 38 23 3 1 4 15 9 75 140 31 0 0 23
 44 4 1 13 143 4 0 0 0 0 1 25 33 5 10 23 8 10 41 29
 25 36 24 53 5 1 16 30
107.83 22.82 2.50 2.908
 17 3 1 16 31 28 9 23 143 20 1 3 1 1 2 100 143 13 0 0
 0 0 0 55 8 0 0 0 0 0 2 9 17 12 2 4 35 39 9 12
 143 48 4 4 12 8 3 78 143 7 0 0 0 0 2 84 1 0 0 2
 0 1 6 5 9 3 1 1 24 33 8 21 143 111 2 2 18 20 7 41
 143 70 1 1 0 0 0 11 1 1 3 4 0 0 0 0 1 2 1 1
 7 10 102 45 102 16 1 0 9 16 120 143 127 11 1 0 0 0 3 67
 1 1 6 1 0 0 0 0
96.91 139.94 2.31 2.654
 0 0 2 41 74 9 0 0 15 65 30 50 70 19 0 0 24 48 2 1
 48 125 18 0 3 0 0 0 6 101 74 5 5 1 1 8 69 63 28 15
 24 57 8 14 125 97 5 5 125 122 4 3 12 35 33 31 24 1 0 0
 16 125 76 11 56 31 2 4 59 56 20 24 9 3 1 5 125 125 61 37
 125 10 0 0 6 23 57 125 32 0 0 1 37 48 2 20 28 71 14 15
 18 1 0 0 1 3 5 15 44 22 29 38 2 0 0 0 0 2 32 61
 1 0 0 1 24 12 2 6
96.91 139.94 2.31 -0.133
 84 8 0 3 0 0 0 28 4 2 31 34 1 0 0 2 6 9 69 24
 0 0 0 4 6 2 9 13 18 13 9 15 104 82 9 23 13 0 0 1
 7 16 72 131 91 2 0 1 131 92 103 44 7 0 0 21 90 10 4 7
 49 25 12 47 49 131 36 10 16 0 0 0 35 32 14 48 131 50 4 17
 131 38 7 7 23 14 3 68 80 43 34 37 28 2 0 6 126 72 5 1
 2 0 0 3 76 20 0 1 73 47 18 18 120 4 0 0 10 14 18 83
 20 7 5 2 8 4 3 27
92.96 39.27 2.62 1.645
 11 74 160 19 1 6 24 15 160 160 73 3 0 1 6 33 69 29 1 0
 0 0 0 4 0 0 0 0 1 2 0 0 41 18 4 4 1 5 26 18
 160 14 1 0 0 1 7 68 119 9 8 0 0 0 0 13 0 2 2 0
 1 0 0 0 59 89 31 1 0 1 0 1 160 45 4 0 0 0 0 23
 79 35 26 0 0 0 4 14 11 14 6 0 0 0 0 4 93 65 29 0
 0 0 8 7 160 89 23 0 0 0 0 18 34 51 89 0 0 0 3 12
 4 22 72 0 0 0 0 3
84.00 104.76 2.84 -0.774
 26 31 7 37 108 17 5 6 57 117 8 8 16 3 0 2 6 11 3 16
 56 10 0 1 8 41 16 25 36 6 0 0 12 16 10 63 117 70 9 3
 117 75 8 14 19 18 6 46 36 10 4 46 59 18 2 18 2 6 7 18
 77 61 0 0 20 22 7 8 56 117 61 7 117 25 1 9 27 105 117 60
 33 38 17 99 117 11 4 9 34 78 8 9 17 60 3 1 48 43 14 12
 3 6 9 11 12 39 20 40 65 41 40 7 13 19 11 78 117 55 10 3
 98 52 4 5 5 10 4 25
60.80 104.82 2.67 -0.671
 16 25 8 39 116 22 7 12 52 119 23 8 19 5 0 8 20 59 25 5
 0 0 0 3 2 13 12 15 3 0 0 0 13 15 10 81 119 49 6 3
 119 55 8 18 25 15 5 53 46 43 31 45 42 1 0 18 18 50 19 12
 7 0 0 0 18 20 3 6 70 119 65 9 119 21 0 10 34 89 119 58
 46 45 12 83 119 10 2 6 69 96 6 7 8 0 0 0 57 39 4 5
 2 8 16 11 23 23 6 36 96 55 45 8 23 20 11 79 119 29 2 5
 95 48 3 3 5 2 0 32
50.71 145.11 2.41 2.247
 0 147 80 16 27 3 0 0 10 147 27 3 9 1 2 1 3 12 1 5
 83 9 0 1 13 0 0 0 8 2 0 17 15 70 34 19 147 62 1 2
 147 147 25 7 17 5 1 8 72 27 0 3 70 11 0 1 24 3 0 0
 8 2 0 8 13 2 0 1 76 147 47 13 147 8 0 0 9 49 60 114
 109 4 2 18 67 4 0 11 10 25 3 6 9 0 0 0 7 11 0 0
 0 33 27 3 60 20 2 1 2 15 43 75 27 12 7 36 71 0 0 12
 15 31 3 8 9 0 0 0
37.29 104.77 2.53 -0.575
 10 7 4 35 110 40 25 12 77 118 11 15 40 15 1 20 42 100 18 1
 0 0 0 7 6 36 6 0 0 0 0 0 8 19 14 91 118 36 3 1
 118 52 11 28 39 17 3 50 70 44 12 34 29 1 0 22 42 73 9 3
 0 0 0 0 13 16 3 7 113 85 31 6 118 16 0 9 39 54 84 86
 48 59 21 87 110 8 2 10 42 118 25 5 3 0 0 0 39 12 1 1
 5 10 24 25 9 5 1 31 64 19 67 31 17 21 10 86 118 15 3 7
 78 63 5 3 7 2 0 28
13.99 104.79 2.40 -0.447
 0 2 2 40 101 8 0 0 80 34 2 18 46 15 1 26 109 62 0 0
 0 0 0 14 39 33 0 1 0 0 0 0 8 13 11 110 117 19 1 0
 117 45 12 37 43 12 3 51 94 38 8 25 8 0 0 31 67 56 2 1
 0 0 0 0 7 14 3 11 116 98 32 5 117 14 1 14 36 73 80 69
 58 80 31 95 59 6 1 7 58 117 15 2 0 0 0 0 52 31 3 1
 2 16 23 12 16 8 2 38 78 56 62 17 26 26 8 61 117 22 3 12
 80 79 4 1 2 1 0 24
187.94 27.42 2.07 1.932
 23 29 4 0 3 11 8 1 24 31 7 5 14 33 35 20 11 50 20 0
 5 31 36 17 3 56 48 0 3 13 12 8 116 19 0 3 9 2 7 71
 74 61 26 67 96 9 3 15 116 100 15 13 34 36 9 17 22 48 14 14
 33 30 21 18 77 4 0 3 29 33 25 101 63 8 2 20 116 89 24 50
 116 21 2 19 76 35 13 74 83 59 17 40 116 53 5 10 27 5 0 1
 11 26 52 41 18 1 0 2 33 116 69 30 115 19 3 7 33 51 29 45
 40 8 2 9 79 83 22 21
188.02 20.17 1.85 2.634
 51 8 0 2 3 1 2 50 29 6 1 8 58 78 15 17 117 45 0 0
 4 19 17 51 51 38 0 0 0 0 16 19 29 9 30 64 6 3 23 117
 69 27 21 31 18 26 31 32 76 52 0 1 24 55 29 15 116 97 0 0
 0 0 0 1 31 11 37 117 58 10 21 72 117 33 20 25 23 8 13 117
 27 18 2 22 85 34 19 12 85 113 0 0 4 10 9 3 14 0 1 17
 28 19 67 117 32 9 30 117 39 5 15 117 78 26 17 41 25 21 18 26
 41 21 0 0 16 42 12 10
176.87 27.61 1.97 2.025
 75 70 20 30 26 3 2 10 51 30 5 8 44 40 10 17 19 47 8 4
 8 27 37 18 31 38 3 0 2 15 12 21 117 9 2 10 52 25 16 85
 110 25 13 72 117 44 5 32 117 103 17 29 52 20 4 16 39 48 20 20
 38 15 4 16 93 7 1 1 10 68 37 65 68 11 5 28 117 117 18 37
 117 18 5 24 72 46 17 56 64 46 20 75 117 17 4 6 18 9 4 8
 11 37 22 17 13 6 2 12 33 61 60 27 11 2 0 4 16 59 60 23
 21 2 0 8 28 57 63 19
176.87 27.61 1.97 -1.000
 29 52 51 35 57 3 1 13 24 61 44 17 9 3 1 12 29 95 60 18
 4 2 1 10 5 21 31 32 17 7 3 5 81 9 2 9 77 64 24 85
 68 23 14 71 117 15 7 50 117 99 20 42 50 6 4 36 16 57 24 65
 86 8 3 7 24 13 4 25 35 43 14 15 40 17 5 34 117 80 13 29
 117 40 5 40 87 24 14 99 39 25 22 117 117 2 1 8 2 18 11 20
 28 46 1 0 10 31 34 17 24 42 6 5 54 29 8 25 63 26 5 16
 29 4 2 27 98 49 15 38
163.09 139.56 2.17 2.940
 2 0 5 21 43 53 35 12 26 25 11 59 127 29 0 0 127 70 5 6
 59 16 0 0 6 1 0 2 127 52 0 0 34 11 3 22 127 49 14 13
 21 15 0 12 127 89 9 4 127 81 0 3 42 29 14 43 31 5 0 0
 81 127 32 6 13 21 23 60 48 7 17 4 2 0 0 14 77 99 127 24
 59 3 0 0 5 27 127 127 14 0 0 0 40 72 25 26 13 4 1 2
 0 1 15 10 1 0 0 0 1 4 38 9 3 0 2 1 0 5 22 12
 1 0 2 13 29 11 3 3
163.09 139.56 2.17 1.773
 0 15 52 8 5 58 68 0 0 17 50 0 0 46 122 11 4 17 11 0
 0 6 122 118 2 2 0 0 0 29 122 17 0 19 101 18 32 56 28 0
 6 68 122 2 2 27 54 6 122 122 64 0 0 1 18 35 29 10 0 0
 0 1 7 12 8 0 1 0 10 78 122 28 6 4 9 0 2 122 122 25
 121 13 2 0 0 15 58 122 28 5 0 0 0 0 1 13 31 40 24 0
 0 8 32 22 2 10 36 15 28 87 44 5 37 1 2 3 13 24 8 27
 7 3 2 0 0 0 1 5
163.09 139.56 2.17 0.062
 128 9 1 3 0 0 0 13 3 9 21 8 0 0 1 1 1 8 28 5
 1 0 0 0 1 3 12 3 4 0 0 0 100 128 10 11 6 0 0 0
 9 26 107 128 61 0 0 0 51 112 128 23 5 0 0 9 16 20 40 1
 2 4 14 36 128 57 1 4 25 0 0 7 52 10 8 41 128 8 1 9
 128 31 9 7 26 3 1 62 98 8 3 7 29 10 14 78 128 0 0 2
 22 1 0 47 30 0 0 8 128 21 14 24 128 18 1 0 10 4 12 70
 54 37 38 21 11 0 2 6
151.24 97.74 1.87 -2.892
 16 10 24 2 0 9 9 8 0 3 52 13 0 13 50 7 22 23 26 3
 0 9 69 21 5 0 0 0 5 28 40 21 3 15 100 70 23 0 0 1
 21 34 140 114 11 0 0 1 140 77 54 32 7 2 5 50 46 1 0 30
 74 33 13 23 26 7 10 73 78 1 0 6 107 16 11 88 81 5 2 27
 140 32 8 35 12 0 0 74 30 7 5 97 57 8 2 4 12 0 0 11
 34 36 60 49 42 0 0 10 34 46 121 105 129 12 3 4 2 0 21 110
 4 4 7 11 8 9 7 1
139.02 70.16 2.20 3.045
 13 2 7 10 3 5 56 114 23 12 9 27 114 15 8 32 114 44 11 20
 82 15 7 61 67 11 1 1 5 4 2 22 20 25 70 112 2 0 10 8
 114 52 22 16 41 53 38 14 48 10 15 17 27 50 87 114 23 10 3 0
 4 8 4 35 63 16 26 47 41 3 8 49 114 20 4 37 33 1 9 63
 44 60 58 106 55 2 8 4 73 60 9 1 5 3 0 3 22 1 3 1
 25 18 44 114 35 4 3 11 67 16 19 65 68 13 6 31 114 30 25 60
 87 9 0 0 2 2 4 52
131.34 44.61 2.31 3.066
 54 5 1 1 4 7 11 41 118 32 51 46 11 7 11 45 20 15 77 88
 17 14 41 53 0 0 7 36 60 65 48 21 64 41 8 3 8 5 2 8
 118 65 10 10 8 12 55 82 30 6 21 52 41 44 103 118 0 1 6 55
 118 72 26 5 40 13 4 2 6 10 23 49 118 43 36 40 11 4 7 77
 60 30 94 108 23 6 16 43 9 3 7 46 68 42 25 16 38 21 20 10
 8 2 2 8 106 100 29 10 9 10 22 19 37 28 29 34 9 11 44 59
 15 11 5 20 68 58 17 12
131.34 44.61 2.31 2.025
 26 11 7 23 81 45 24 19 51 14 3 9 32 20 36 46 14 2 1 2
 28 108 104 30 36 10 1 2 92 82 61 45 20 113 65 43 81 15 7 8
 113 69 23 15 35 25 28 69 37 27 19 38 111 53 20 14 33 30 8 7
 14 32 22 11 18 97 40 4 1 2 4 4 41 113 113 18 5 2 3 14
 27 113 73 38 86 28 11 10 52 46 35 22 36 15 12 37 1 28 50 9
 2 5 8 1 27 41 24 10 3 8 10 14 22 92 40 11 2 1 2 5
 4 25 113 96 21 3 1 5
129.91 139.74 2.17 2.619
 0 0 3 54 71 7 1 0 23 104 25 40 45 10 0 0 27 73 0 0
 66 118 7 0 1 1 0 0 20 98 68 0 4 0 0 10 60 118 37 16
 21 77 5 14 118 118 4 5 118 118 1 1 9 44 23 35 21 3 0 0
 16 118 99 10 34 35 3 6 70 76 11 11 6 2 0 4 118 118 69 39
 91 10 0 0 3 25 64 118 17 1 0 1 12 30 4 21 16 50 14 17
 19 2 0 2 1 0 2 11 27 11 28 42 5 0 0 0 0 2 18 38
 1 0 3 16 13 5 1 1
129.91 139.74 2.17 2.194
 0 24 33 43 45 10 0 0 0 96 46 3 3 103 21 0 2 25 5 0
 0 107 119 28 0 0 0 0 0 90 119 22 0 5 8 10 82 97 21 1
 7 119 73 7 22 118 18 4 118 119 25 0 0 14 33 31 25 6 0 0
 0 55 42 13 18 11 0 0 7 100 75 30 7 6 1 0 15 119 89 25
 119 17 0 0 0 26 53 119 24 2 0 0 2 5 4 16 14 85 16 1
 4 13 4 4 4 17 16 13 53 67 11 14 16 0 0 0 4 8 10 51
 4 3 0 3 9 1 1 3
129.91 139.74 2.17 0.009
 122 4 0 1 0 0 1 27 6 4 18 11 1 0 1 4 1 6 42 10
 1 0 0 0 1 2 18 9 5 0 1 2 114 93 15 14 6 0 0 0
 6 17 91 128 60 0 0 0 91 89 128 39 5 0 0 14 49 10 18 2
 15 10 16 62 128 120 13 5 23 0 0 2 49 15 9 46 128 25 3 9
 128 29 8 8 26 8 3 42 123 26 14 18 33 3 1 28 128 1 0 0
 15 1 0 28 37 0 0 1 128 36 17 24 90 13 0 0 8 9 16 94
 26 31 27 12 4 1 6 13
128.22 98.03 1.79 -2.857
 6 3 15 2 0 14 24 5 0 3 33 24 0 12 68 12 34 20 19 6
 0 2 62 34 8 0 0 0 4 20 57 27 1 10 93 64 20 2 0 0
 27 28 124 137 10 0 0 1 137 71 47 27 2 1 3 43 50 1 1 34
 57 20 15 22 21 13 18 103 80 2 0 3 119 14 14 127 65 4 2 35
 137 48 18 15 1 0 0 63 24 17 26 72 31 3 0 2 20 0 0 27
 40 25 42 65 45 0 0 12 31 42 114 131 100 8 2 0 0 1 11 109
 5 5 15 15 7 1 1 2
121.87 69.64 2.19 1.269
 9 14 31 7 1 1 4 6 2 11 25 20 6 3 4 4 0 3 84 82
 20 12 21 6 6 42 114 14 1 3 15 9 2 31 114 58 10 10 26 7
 67 111 90 12 10 15 19 33 14 5 29 44 37 114 74 4 13 18 61 14
 3 24 114 37 2 8 48 16 10 35 114 24 59 27 23 21 10 3 67 82
 11 4 96 114 22 23 14 3 6 76 114 50 1 4 20 3 4 74 114 17
 1 3 5 1 19 114 37 9 20 14 2 5 3 9 10 48 50 114 11 0
 3 28 21 11 10 41 60 29
121.87 69.64 2.19 -0.840
 14 68 49 40 32 19 2 1 12 38 3 22 96 106 9 0 53 18 1 8
 32 85 44 42 80 17 4 11 6 0 5 56 43 58 8 8 81 106 17 12
 106 74 3 4 5 86 24 26 20 2 13 11 6 106 106 32 26 1 7 36
 84 7 23 42 15 26 2 0 11 106 49 16 52 4 16 45 52 34 44 43
 18 106 97 82 64 30 5 2 17 66 8 19 80 52 3 1 9 8 2 1
 3 20 13 14 0 2 3 8 68 47 3 0 24 42 5 6 78 106 31 10
 79 58 2 4 8 39 17 23
121.87 69.64 2.19 -2.965
 2 1 3 8 40 25 88 85 25 2 1 16 25 6 55 108 35 14 20 108
 83 4 1 32 103 29 11 8 2 0 0 37 18 35 103 48 1 3 23 13
 63 50 21 10 32 35 16 13 21 3 4 30 74 86 88 108 37 1 0 1
 2 3 12 108 84 21 53 34 15 1 19 42 108 22 17 51 11 5 5 45
 43 42 77 82 8 16 22 14 48 24 8 5 7 1 3 15 18 1 2 1
 6 6 76 108 39 2 3 83 77 14 16 49 87 17 19 61 28 4 5 108
 53 6 7 33 45 0 0 32
117.35 46.04 2.04 -2.515
 21 17 19 27 4 0 0 21 32 19 3 0 0 1 10 72 22 15 28 15
 7 5 25 114 18 50 70 13 2 6 16 39 37 63 47 109 12 0 0 15
 125 102 14 0 0 5 4 54 37 16 30 15 18 60 54 46 8 16 21 7
 2 15 46 38 39 4 1 32 8 2 17 125 125 81 53 1 0 6 45 95
 68 81 66 1 0 5 17 38 16 5 6 36 46 14 12 17 13 1 0 0
 0 19 106 125 8 5 5 2 1 20 125 80 45 4 1 8 5 27 98 70
 22 7 17 88 74 17 11 24
111.41 28.00 1.95 2.770
 2 0 0 14 43 40 11 7 97 18 9 11 12 16 13 85 145 35 4 0
 0 0 0 85 106 4 0 0 0 0 1 31 8 16 1 0 10 34 14 4
 52 41 29 28 61 42 13 18 145 80 15 5 2 2 1 41 106 7 0 0
 0 0 0 36 22 21 0 0 5 6 4 31 37 6 1 3 52 94 16 25
 145 145 14 3 6 12 8 32 110 106 1 0 0 0 0 0 11 5 3 3
 3 1 3 26 4 10 5 4 34 35 7 7 131 82 15 9 34 32 22 43
 145 53 1 0 0 0 0 26
107.48 138.96 2.14 -0.287
 13 52 35 25 75 11 0 0 68 24 18 65 125 65 2 18 125 76 15 3
 1 3 0 24 30 30 27 48 38 6 0 2 89 125 47 1 27 12 0 0
 79 27 0 0 125 123 7 19 125 51 6 0 8 12 5 52 17 13 16 10
 5 5 5 39 125 87 3 1 3 0 0 7 100 33 0 0 54 73 41 42
 61 7 0 0 5 16 38 125 14 2 4 2 4 1 1 19 125 11 0 1
 1 0 0 54 96 5 0 0 0 3 12 63 5 3 3 4 4 0 9 23
 1 2 11 10 2 0 0 0
107.48 138.96 2.14 -2.983
 12 0 0 2 1 1 2 7 0 0 20 17 1 2 2 4 0 6 36 23
 6 0 0 2 0 1 11 104 44 0 0 0 7 2 21 27 6 9 7 3
 8 5 58 116 63 1 0 0 78 45 72 51 39 0 0 10 4 3 5 116
 116 0 0 1 3 0 3 45 85 42 33 15 57 7 9 116 116 5 0 5
 116 6 4 26 88 5 0 40 3 0 0 28 116 27 3 2 5 1 3 97
 116 16 8 2 59 4 4 73 95 30 53 70 116 2 0 3 29 36 15 96
 0 0 0 2 86 114 11 1
100.78 28.02 1.93 2.779
 5 6 2 5 40 40 5 5 139 44 7 6 18 24 8 37 139 70 0 0
 0 0 0 12 7 6 1 3 0 0 0 1 5 6 1 0 15 33 6 14
 76 92 21 12 46 42 8 17 139 139 9 2 1 1 0 12 38 16 3 3
 0 0 0 0 5 11 6 4 8 6 31 37 34 7 2 4 35 62 124 93
 139 16 0 0 1 6 39 139 40 6 3 0 0 0 0 7 0 0 0 0
 0 0 109 127 0 0 0 0 0 2 139 112 12 0 0 0 0 0 47 97
 3 0 0 0 0 0 0 5
99.50 38.16 2.41 1.635
 7 124 118 20 8 15 36 12 11 112 152 63 7 14 32 14 123 152 78 3
 0 2 10 26 32 16 0 0 0 0 0 2 16 21 17 5 1 10 52 16
 39 15 12 15 5 17 63 25 152 26 2 1 0 2 17 81 74 2 1 0
 0 0 0 9 24 75 20 9 9 3 0 0 71 46 19 12 9 11 2 3
 152 42 3 2 1 1 0 23 47 22 24 5 0 0 2 5 5 33 52 12
 6 2 2 0 90 76 63 3 0 0 0 2 152 39 4 0 0 0 1 42
 22 17 15 1 0 1 13 15
70.34 78.42 2.11 2.473
 8 30 29 45 86 1 0 4 76 114 16 4 27 39 0 6 78 38 1 2
 34 109 48 37 65 57 18 8 7 2 10 24 20 12 3 44 106 66 5 8
 116 55 3 5 9 12 6 74 49 39 10 10 9 20 35 35 10 33 16 24
 102 8 8 13 21 6 0 0 45 116 21 19 116 24 3 14 31 62 18 69
 33 77 59 68 66 5 1 4 34 91 13 6 77 51 3 0 17 11 1 0
 60 65 15 23 40 3 0 16 68 31 6 24 29 34 9 54 116 12 0 7
 110 75 2 1 7 16 4 20
47.66 65.89 2.12 3.070
 58 3 0 6 25 7 2 23 50 4 2 17 41 17 16 37 151 13 0 0
 0 0 0 25 174 21 0 0 0 0 0 2 25 7 4 5 4 7 6 30
 15 11 8 27 22 19 24 18 168 41 8 6 1 0 0 8 174 18 0 0
 0 0 0 7 37 27 19 28 9 0 0 6 38 12 6 62 42 0 0 10
 174 17 2 6 1 0 0 34 174 31 0 0 0 0 0 6 61 2 1 9
 16 4 3 28 43 3 2 16 41 22 16 33 113 13 1 0 0 0 1 31
 174 28 0 0 0 0 0 1
32.14 78.51 2.13 2.695
 23 1 1 38 72 10 6 36 95 49 10 45 98 4 1 14 97 33 0 4
 50 67 25 27 75 33 14 12 12 16 21 37 11 7 4 58 108 23 0 2
 108 39 5 40 73 19 5 76 96 19 8 8 8 11 28 69 16 16 10 42
 92 4 9 7 34 4 1 1 87 57 4 7 108 26 4 6 69 64 24 83
 66 52 86 58 37 3 4 22 27 43 21 22 102 39 5 4 46 2 0 0
 46 61 20 34 58 1 0 15 63 35 9 43 41 37 13 54 108 8 1 18
 100 51 3 2 9 26 16 30
30.22 66.61 2.33 3.099
 53 4 4 21 15 2 4 30 47 4 2 21 45 19 14 32 138 10 1 2
 0 0 2 37 178 17 0 0 0 0 0 3 42 3 6 3 2 4 18 58
 13 5 8 34 17 16 20 18 148 39 10 12 1 0 2 12 178 19 0 0
 0 0 0 1 27 31 30 24 11 1 2 12 37 12 10 58 52 6 1 10
 172 14 3 10 3 0 0 36 178 22 0 0 0 0 0 6 49 8 3 19
 14 2 6 36 36 3 1 6 32 33 19 30 109 17 3 2 2 2 5 37
 178 1 0 0 0 0 0 57
25.21 82.96 1.96 -0.566
 7 10 5 37 114 67 13 4 114 80 8 7 27 20 3 29 84 50 9 8
 6 4 6 12 52 42 6 15 43 45 27 6 11 9 8 62 114 59 1 3
 114 28 2 14 35 24 4 54 61 56 10 31 79 4 0 13 44 100 29 34
 43 2 0 0 36 56 13 2 47 91 21 6 94 11 0 11 36 60 75 72
 45 50 20 84 114 22 3 7 73 85 8 6 17 2 0 0 104 16 0 0
 7 14 9 18 12 5 10 20 40 18 29 24 18 20 6 46 114 65 5 7
 102 54 1 1 11 9 2 26
12.71 78.08 2.19 2.697
 38 8 13 27 67 6 4 32 68 85 28 23 52 18 1 5 68 22 2 3
 33 65 46 34 95 58 15 6 7 2 6 13 17 5 1 58 106 14 3 8
 109 41 3 22 48 9 7 100 58 9 3 6 40 17 27 51 109 33 8 25
 83 7 3 1 21 8 1 8 75 109 18 9 109 57 21 10 39 61 20 59
 31 78 85 26 49 9 4 10 109 36 8 26 109 48 7 11 55 8 0 0
 34 43 8 20 15 1 3 8 84 44 16 42 34 95 22 16 104 15 0 2
 54 46 0 0 9 42 9 9
189.35 98.01 1.53 3.040
 59 11 0 0 54 6 0 0 76 18 0 2 136 8 0 0 136 60 1 5
 26 0 0 0 24 17 3 22 68 0 0 0 81 22 1 2 92 10 0 1
 91 29 0 5 136 42 8 8 136 108 5 9 27 6 7 31 32 21 6 21
 41 6 17 24 43 4 0 0 35 82 78 57 40 3 0 0 46 105 136 86
 102 7 0 0 5 18 117 136 18 4 1 1 2 2 12 32 1 1 2 0
 0 18 67 24 0 0 5 7 1 3 61 29 4 9 9 5 3 6 33 17
 2 7 4 3 11 19 4 2
189.35 98.01 1.53 1.719
 0 19 83 3 1 30 35 0 9 13 75 15 9 59 38 4 30 31 14 2
 1 5 5 6 1 2 2 11 4 7 5 3 0 48 138 2 0 17 38 0
 9 68 138 16 3 20 30 5 119 138 91 2 0 1 5 19 31 10 4 6
 3 3 12 11 0 11 69 1 0 45 116 0 13 29 88 4 0 52 138 35
 138 62 15 0 0 1 47 130 45 3 1 6 16 9 0 7 0 6 45 1
 0 22 68 0 11 28 72 2 0 23 78 28 125 58 12 0 0 0 18 79
 31 3 0 4 12 3 0 5
182.93 26.20 1.70 1.971
 25 23 10 16 31 8 4 8 29 52 12 4 12 34 27 11 13 15 16 5
 25 43 26 12 11 33 24 2 0 25 31 10 33 30 16 67 107 15 4 5
 123 84 15 12 28 20 9 31 42 44 18 26 102 45 12 13 35 69 13 6
 11 30 21 6 22 2 1 26 119 53 24 33 123 27 5 14 29 18 20 86
 49 39 16 71 123 64 9 9 123 72 8 9 31 20 8 17 10 1 0 6
 19 92 33 17 123 34 5 8 10 36 20 44 31 12 6 42 119 123 20 20
 107 22 5 11 22 18 10 34
174.71 97.75 1.73 -2.901
 7 20 32 6 1 2 5 1 0 15 44 17 0 5 20 0 13 18 18 5
 7 12 32 6 3 8 3 6 12 7 7 5 32 36 61 78 44 0 0 4
 58 58 104 122 33 0 0 6 122 62 43 27 24 7 2 29 9 4 3 25
 57 12 1 2 89 2 2 65 106 0 0 31 122 11 3 108 122 0 0 40
 122 17 14 81 18 2 2 62 8 14 16 68 32 8 5 7 54 0 0 19
 68 40 39 67 99 2 0 27 76 49 82 110 93 5 3 22 11 14 52 87
 6 3 2 9 7 28 56 28
172.12 26.40 1.66 2.040
 31 25 11 28 84 25 5 10 48 88 13 10 15 23 13 7 25 13 2 3
 18 30 15 24 32 11 6 8 1 0 4 39 36 21 9 69 127 62 8 10
 127 69 7 14 43 25 10 31 49 54 27 33 123 34 6 10 37 95 24 19
 14 3 1 3 25 9 6 56 124 109 18 21 127 28 11 20 31 26 16 66
 48 39 20 94 127 24 4 3 127 76 6 10 37 20 9 17 9 4 2 17
 19 66 36 18 12 2 1 4 6 32 36 26 7 1 1 11 36 76 57 10
 101 19 3 6 15 19 37 41
166.32 98.07 1.51 2.865
 16 38 30 36 56 8 0 0 83 91 13 24 91 17 0 0 112 113 7 26
 51 3 1 1 17 12 11 19 33 7 13 25 71 47 1 3 83 33 0 0
 74 61 3 1 116 77 5 7 116 116 4 4 21 11 15 37 27 2 0 2
 8 5 27 72 66 30 0 2 89 57 10 16 78 20 0 0 48 101 106 79
 108 7 0 0 3 15 80 116 19 1 0 0 0 3 11 24 14 0 0 0
 12 58 76 47 27 0 0 2 0 3 48 99 8 9 10 10 0 0 26 33
 24 12 2 0 3 18 36 29
165.27 28.24 1.71 2.146
 127 38 5 17 32 14 6 33 49 39 15 26 76 23 6 15 36 69 18 22
 8 0 1 11 44 48 13 15 5 0 0 1 127 18 10 23 31 20 13 69
 75 51 24 127 127 15 2 5 127 85 10 19 46 25 8 25 50 62 14 15
 48 22 3 4 9 3 3 8 11 37 30 22 34 3 2 29 63 116 68 26
 127 26 6 23 75 23 35 64 66 73 20 55 127 8 0 2 8 4 2 2
 14 37 13 9 12 0 0 0 3 53 52 20 13 5 4 15 27 36 23 15
 58 10 2 26 79 69 28 16
159.76 11.74 1.69 2.702
 34 11 2 0 0 4 32 43 90 20 1 0 1 7 7 87 21 6 12 29
 55 8 3 32 1 1 2 25 48 2 1 1 49 23 34 8 0 1 9 25
 130 22 5 2 17 29 9 68 10 3 8 46 120 58 8 7 6 5 3 32
 25 5 11 1 95 18 6 10 6 0 0 43 130 69 40 15 10 4 7 32
 6 9 44 81 96 29 40 9 2 2 14 46 13 9 90 104 93 43 12 7
 2 0 1 25 130 41 10 3 0 1 61 87 14 2 7 9 6 12 130 95
 0 0 0 3 1 2 130 130
153.96 28.55 1.60 2.195
 129 11 1 7 28 15 12 35 48 53 16 34 129 17 2 5 51 104 22 12
 6 2 1 3 61 129 15 5 2 2 1 13 64 11 7 19 20 16 29 44
 71 31 11 95 129 23 3 4 129 53 4 13 49 24 9 28 32 93 20 18
 57 20 3 4 0 0 0 3 12 45 14 2 24 1 0 11 51 129 63 26
 129 16 4 19 69 22 36 70 63 54 13 46 129 5 0 1 5 2 2 7
 28 23 6 3 16 2 0 0 3 28 33 15 8 3 2 11 27 29 19 13
 44 10 1 19 80 73 19 11
149.31 93.16 1.56 -2.935
 2 12 64 60 4 0 0 0 123 52 48 15 2 1 6 30 40 1 0 5
 57 41 27 33 2 0 0 20 78 12 5 8 61 19 21 103 81 0 0 8
 144 29 15 28 17 0 0 82 77 7 4 77 126 2 0 22 6 4 3 73
 129 5 0 2 115 3 0 63 118 5 4 35 144 35 14 26 10 0 0 68
 21 16 15 79 53 5 8 4 0 2 2 22 45 51 39 3 32 0 0 7
 35 35 90 94 75 5 2 2 1 0 12 94 4 3 4 5 4 3 6 3
 2 6 18 4 1 4 15 3
142.95 28.77 1.52 2.278
 133 4 0 7 22 25 23 55 68 33 13 47 133 7 1 9 75 117 22 16
 18 4 1 5 16 133 20 5 3 6 1 2 29 5 3 12 12 21 33 39
 49 16 6 92 133 35 3 6 133 43 1 14 57 22 8 28 38 63 16 20
 70 20 3 6 0 0 0 1 10 34 13 1 10 0 0 5 52 133 43 15
 133 10 2 11 49 37 47 84 60 36 9 39 133 7 0 2 1 1 1 10
 35 19 5 0 17 5 2 4 6 15 20 8 9 1 1 11 27 17 20 16
 35 10 1 30 112 51 9 7
131.91 28.98 1.50 2.334
 126 5 0 4 24 29 24 52 63 34 11 36 126 4 0 7 75 98 17 10
 16 3 1 6 75 126 9 3 4 3 0 0 20 2 2 13 18 15 28 33
 58 16 3 81 126 26 2 6 126 37 1 13 60 17 5 24 90 101 11 15
 56 11 1 2 2 0 0 1 11 26 13 4 17 1 0 6 62 126 47 21
 126 8 1 12 71 31 39 86 73 53 7 28 126 10 0 2 1 2 4 2
 9 19 6 3 0 7 3 0 1 29 17 3 8 1 1 21 50 17 14 15
 59 19 1 38 109 33 5 5
128.21 98.04 1.79 -2.912
 3 3 7 2 0 13 26 5 0 2 20 25 1 10 50 22 35 17 16 10
 1 4 40 30 9 0 0 1 11 21 43 23 8 19 63 56 18 3 0 0
 32 27 80 132 38 0 0 3 132 54 46 39 10 1 4 51 41 1 2 32
 74 11 11 17 65 11 12 92 107 2 0 12 132 11 10 122 132 1 1 33
 132 41 32 19 8 0 0 68 14 11 30 59 30 2 1 3 72 0 0 38
 75 19 16 57 66 0 1 24 75 42 87 121 89 8 4 1 1 1 10 98
 4 5 10 10 10 2 1 4
121.22 29.03 1.61 2.452
 60 1 0 6 24 45 31 45 70 19 5 32 123 2 1 24 123 123 11 7
 17 0 0 10 60 123 16 0 0 0 0 2 5 2 1 9 13 19 19 14
 52 10 2 87 123 26 3 10 123 32 4 11 17 5 10 36 123 62 7 0
 0 1 11 49 5 2 0 2 10 16 3 5 18 1 0 5 49 123 46 19
 123 23 31 34 12 28 35 46 115 123 69 38 6 0 1 13 6 3 4 5
 6 1 1 4 8 15 5 0 0 16 21 9 3 6 6 19 43 84 17 3
 123 64 8 22 31 45 10 11
118.60 17.62 1.57 2.875
 140 39 4 17 6 0 0 39 140 77 0 0 0 0 0 36 20 8 0 0
 0 0 0 3 2 0 0 0 0 0 1 3 140 43 0 4 1 4 10 100
 140 139 0 0 0 1 2 20 73 13 0 0 0 0 1 6 6 0 0 0
 0 0 1 5 82 39 19 1 0 5 31 98 140 8 0 0 0 1 12 140
 77 0 0 0 0 0 6 27 0 0 0 0 0 0 8 7 140 73 44 21
 4 0 0 35 140 10 0 0 0 0 0 129 13 0 0 0 0 0 7 32
 0 0 0 1 0 2 9 1
108.37 41.09 1.52 2.413
 7 7 22 29 32 2 1 4 9 77 55 5 0 0 1 4 26 53 39 0
 8 65 5 18 45 9 0 0 18 128 53 24 6 45 43 72 106 3 1 1
 105 88 30 14 11 2 9 62 52 26 19 7 2 2 9 128 16 26 14 3
 2 76 9 11 22 126 26 19 44 21 10 8 128 47 2 3 11 14 17 77
 87 17 10 23 23 25 18 40 12 29 57 30 24 14 5 32 32 127 0 0
 0 2 2 3 118 128 10 0 0 0 3 38 43 33 59 52 13 3 4 59
 11 0 6 26 17 2 18 128
105.44 98.15 1.73 -2.919
 2 0 2 3 9 27 56 16 6 2 9 16 3 10 53 67 29 12 11 5
 1 7 43 39 11 0 0 2 15 37 36 24 6 15 52 33 3 0 3 2
 28 20 64 133 28 0 2 3 133 49 42 39 13 1 3 63 31 0 5 60
 79 14 8 23 52 23 43 86 54 0 0 8 133 16 15 133 130 0 0 23
 133 52 27 44 17 0 0 55 13 8 18 82 45 2 1 4 81 1 0 34
 77 12 7 34 88 1 0 36 93 24 47 117 103 14 8 3 1 1 6 81
 4 3 10 12 17 8 2 6
105.00 93.60 1.50 -2.937
 0 4 27 58 2 0 8 8 97 41 33 16 0 0 5 32 40 1 0 9
 48 38 37 44 6 0 0 36 69 14 5 10 40 17 41 144 55 0 0 3
 144 49 33 36 7 0 0 66 74 4 10 118 106 1 1 26 0 0 10 65
 64 12 11 3 119 7 3 92 121 0 0 21 144 61 28 21 5 0 0 49
 21 22 33 92 51 3 0 2 15 3 7 8 6 4 9 14 62 0 0 20
 67 22 46 111 104 7 3 0 0 1 7 102 6 4 5 6 16 10 5 14
 5 7 41 32 16 3 0 0
103.60 45.62 1.65 2.897
 47 38 11 1 2 1 0 0 55 27 7 30 21 10 9 26 61 9 3 4
 2 2 29 74 10 12 3 1 4 3 26 33 63 14 0 0 9 4 0 2
 125 29 1 0 1 4 14 63 41 10 18 12 6 9 13 90 14 20 18 18
 10 9 5 6 24 2 0 0 6 12 50 45 121 33 5 0 0 0 52 97
 15 23 43 14 2 1 92 70 2 6 13 18 3 1 125 85 21 0 0 0
 0 4 125 125 5 0 0 0 0 8 125 125 4 0 0 0 0 25 125 125
 5 1 0 0 0 0 125 125
93.96 48.45 1.65 1.530
 64 10 1 9 23 16 3 3 155 84 0 0 0 0 0 2 45 46 20 18
 0 1 1 2 1 14 28 11 0 0 2 2 66 39 43 22 13 0 0 0
 155 64 1 0 0 0 0 71 64 29 14 5 1 10 22 60 2 5 13 3
 0 5 35 19 105 64 42 1 0 0 0 1 155 89 4 0 0 0 0 12
 58 44 62 0 0 1 7 14 0 9 65 0 0 0 6 5 73 14 0 0
 0 0 13 26 155 128 72 0 0 0 0 5 18 42 155 13 0 0 3 4
 0 4 155 7 0 0 2 2
81.64 98.66 1.75 -0.427
 1 4 17 64 86 10 0 0 36 82 38 89 128 33 0 0 84 69 4 0
 33 67 15 28 49 21 5 0 0 3 12 45 1 2 6 8 68 43 6 4
 68 35 0 6 128 128 12 10 128 60 0 0 8 33 21 60 21 0 0 9
 12 4 11 51 49 20 5 4 8 15 11 15 53 12 0 0 109 128 35 31
 128 3 0 4 21 69 30 98 18 6 22 81 37 0 0 5 46 25 3 6
 7 5 10 9 52 44 8 8 36 76 10 4 5 0 6 36 40 49 21 19
 7 15 19 53 105 29 0 0
81.64 98.66 1.75 -2.925
 1 0 1 3 7 18 63 36 10 2 12 27 4 8 52 73 57 28 21 12
 1 2 23 36 25 1 0 9 35 27 23 23 4 9 51 37 3 0 5 10
 28 14 53 133 42 0 3 4 133 55 47 60 12 0 0 41 49 9 9 71
 69 1 0 10 44 24 55 85 53 1 0 7 125 14 15 133 133 3 2 40
 133 33 20 23 8 0 0 74 11 9 14 36 26 6 4 7 90 0 1 28
 65 15 10 43 49 0 0 14 75 38 80 133 68 1 0 0 0 6 24 113
 14 0 1 12 38 15 9 17
75.05 99.07 1.52 2.764
 0 0 2 38 97 4 0 3 63 119 15 42 104 9 0 0 77 119 26 16
 16 2 0 0 7 2 3 6 10 9 6 5 3 20 31 75 70 14 0 0
 57 67 7 6 119 92 2 7 119 119 3 0 6 7 2 25 40 15 1 0
 0 2 12 13 28 44 7 26 88 39 0 0 70 50 1 0 52 116 40 44
 119 6 0 0 3 22 32 119 44 3 0 0 6 13 34 62 13 14 0 6
 96 59 1 1 119 55 0 0 15 18 17 34 44 15 5 7 4 1 12 46
 61 64 6 3 18 9 1 8
52.76 99.36 1.56 2.648
 12 0 1 21 94 5 0 13 21 122 33 44 92 6 0 0 40 122 42 21
 16 3 0 1 29 12 1 2 7 16 7 7 3 2 9 51 92 19 0 1
 30 73 11 14 122 115 1 2 122 122 3 0 8 12 2 17 53 24 0 0
 1 3 10 23 3 22 20 66 82 13 0 0 35 66 12 10 65 122 22 19
 122 11 0 0 7 45 31 122 55 4 0 0 1 6 8 53 1 6 1 4
 63 69 8 1 80 100 1 0 38 51 9 11 85 29 2 4 2 4 14 68
 13 33 25 13 5 0 0 8
51.86 79.32 1.71 2.701
 15 3 8 64 63 4 0 7 80 80 9 25 83 28 5 11 109 64 0 0
 39 39 2 11 54 12 1 3 49 82 38 43 7 13 9 53 112 52 3 2
 112 76 11 14 44 32 16 69 93 30 1 2 12 14 8 68 22 33 1 5
 31 21 24 10 15 14 0 0 100 112 11 5 112 35 0 0 59 84 21 85
 92 14 16 65 56 4 0 25 32 81 25 20 31 2 0 0 13 11 0 3
 53 39 11 9 59 0 0 5 42 32 12 74 26 12 8 53 112 10 0 14
 107 57 9 11 31 7 0 4
30.68 99.56 1.59 2.741
 21 0 0 23 80 2 1 29 24 92 26 69 112 4 0 0 82 73 8 11
 3 0 1 30 24 2 1 2 15 7 0 10 8 2 6 49 92 14 0 3
 55 55 7 21 123 103 2 6 123 99 0 0 7 9 2 39 23 3 1 2
 17 17 18 30 7 23 17 84 80 6 0 0 52 52 11 13 70 121 30 38
 123 6 0 0 5 28 26 123 59 8 0 0 39 35 13 54 4 10 0 13
 87 61 3 0 115 97 0 3 31 25 12 18 64 30 8 10 5 2 11 51
 32 85 15 8 35 7 0 2
30.68 99.56 1.59 0.005
 93 10 7 21 16 2 0 26 5 2 15 88 57 18 4 4 1 11 37 67
 116 3 2 3 104 8 3 18 89 4 0 11 36 20 33 42 10 0 0 6
 13 12 32 132 94 0 0 0 118 66 47 80 70 13 4 5 67 2 0 1
 59 18 15 81 3 1 7 51 37 2 1 3 37 3 4 78 132 17 3 14
 132 8 2 10 33 13 19 85 13 0 0 4 7 10 35 96 1 0 3 37
 32 14 21 15 11 0 2 8 105 69 29 63 90 0 1 7 7 7 11 132
 6 0 8 46 9 0 3 15
26.31 181.59 1.79 -1.309
 0 70 137 14 12 4 0 0 78 70 98 18 29 2 0 16 159 11 1 1
 6 1 0 45 22 0 0 1 1 2 0 3 10 21 18 2 57 54 6 19
 159 67 22 0 0 0 6 54 159 53 0 0 0 0 0 11 27 3 1 2
 4 2 0 0 1 0 0 0 20 101 86 28 91 1 0 0 0 6 67 118
 159 7 0 0 0 0 2 47 28 2 0 2 2 1 1 1 0 0 0 0
 2 70 51 2 39 0 0 0 1 18 48 45 159 0 0 0 0 0 4 38
 22 0 2 7 9 3 3 5
8.73 99.68 1.63 2.759
 43 2 0 17 72 3 4 43 28 113 30 64 111 3 0 0 72 90 25 11
 4 0 0 9 47 13 0 0 17 30 7 8 19 0 1 28 100 17 0 14
 68 60 7 22 127 94 2 6 127 96 1 0 6 6 2 44 47 11 0 4
 20 10 11 41 9 16 16 84 74 4 0 1 50 36 14 22 97 119 26 42
 127 6 0 0 5 23 20 127 65 4 0 2 47 38 11 41 5 11 3 17
 97 43 0 0 96 72 2 3 32 24 13 24 64 11 0 0 0 2 10 55
 32 9 0 0 10 9 0 2
8.73 99.68 1.63 -0.046
 76 6 2 19 18 0 0 9 4 2 12 90 65 0 0 0 5 11 33 59
 95 4 0 0 112 3 0 2 56 6 1 9 29 13 28 61 22 0 1 11
 16 13 22 132 130 0 0 0 132 56 32 71 51 19 11 14 57 1 0 1
 27 21 22 106 4 2 6 41 71 2 0 0 35 2 2 57 132 30 4 13
 132 7 1 8 33 11 13 88 20 0 0 19 12 2 15 64 15 5 5 16
 26 16 17 12 14 0 0 4 112 103 32 48 97 0 1 19 11 12 10 130
 14 5 21 70 12 0 0 6
192.12 32.48 1.34 1.955
 16 0 0 0 0 9 17 17 114 18 2 0 0 4 18 68 23 17 15 57
 114 10 6 7 63 68 30 30 54 0 0 3 27 2 0 0 18 53 12 14
 114 19 4 6 12 34 64 114 7 8 9 71 114 114 40 10 114 10 0 18
 41 37 31 30 28 1 1 27 85 68 16 12 114 59 16 29 27 19 15 30
 20 12 11 102 114 88 35 14 58 11 1 5 9 20 40 59 5 31 13 5
 11 43 57 5 45 24 3 1 2 52 67 28 34 4 0 2 27 114 50 20
 24 11 1 0 7 89 27 8
192.12 32.48 1.34 -1.374
 6 88 59 3 3 3 1 0 13 67 64 28 51 18 2 2 6 33 83 23
 36 29 7 1 33 36 46 6 3 8 10 12 11 28 42 37 53 16 2 3
 117 83 52 12 20 20 12 63 27 23 13 24 117 94 16 20 52 98 11 5
 27 7 0 10 22 30 40 45 109 33 0 4 117 117 47 8 5 6 6 41
 11 31 66 104 117 38 6 7 2 24 30 27 36 6 0 0 27 2 1 6
 111 84 25 9 117 25 3 1 3 15 21 43 11 6 8 20 117 43 6 5
 0 2 13 15 83 6 0 0
188.67 67.66 1.35 -0.163
 1 1 5 37 114 21 1 0 118 18 7 30 116 67 8 12 123 34 1 0
 53 34 4 10 6 0 0 0 33 37 30 30 7 4 0 0 81 74 10 1
 73 9 0 0 121 114 18 10 123 50 0 0 41 26 5 18 16 4 7 14
 46 25 3 9 4 0 0 2 19 46 3 3 13 0 0 0 55 123 63 32
 123 8 1 4 35 16 42 105 8 1 8 88 114 10 0 2 0 1 5 12
 6 2 0 0 0 1 50 54 7 9 15 7 18 69 105 42 26 3 9 15
 8 21 6 19 112 46 1 0
180.40 113.02 1.27 3.090
 75 12 0 0 0 0 0 0 194 32 1 1 1 0 0 1 61 12 6 9
 19 21 47 12 1 0 1 0 25 97 86 21 83 8 0 0 0 0 0 7
 194 24 0 0 0 0 0 14 94 15 9 15 4 1 5 20 15 21 6 2
 0 2 14 18 80 1 0 0 0 0 0 10 194 21 0 2 1 0 0 7
 99 21 9 28 19 21 24 6 15 50 26 33 7 7 5 0 58 2 0 0
 0 0 0 9 194 28 0 0 0 0 0 4 108 18 0 0 25 18 14 5
 0 4 10 50 114 20 2 0
179.61 32.38 1.25 -0.429
 3 7 26 87 38 13 8 6 21 27 41 47 7 4 19 13 97 53 14 20
 8 1 15 24 25 33 26 32 16 3 0 3 50 22 21 121 41 0 3 27
 121 33 9 9 6 9 81 116 38 11 7 65 69 39 95 60 56 23 12 34
 28 7 1 4 25 0 0 20 25 14 47 121 121 57 34 33 20 17 45 83
 22 26 45 121 92 8 3 5 98 29 9 27 12 1 0 6 39 10 7 33
 11 9 15 112 2 10 36 121 55 13 8 12 6 30 64 63 11 1 1 2
 77 39 12 12 2 0 4 14
176.09 196.17 1.25 1.777
 1 18 110 19 1 0 0 0 0 69 134 7 0 0 0 0 14 96 34 3
 3 0 0 0 2 3 0 57 134 0 0 0 0 0 65 91 36 7 0 0
 31 102 134 102 33 6 1 8 134 134 40 6 9 1 0 22 24 11 0 56
 134 21 1 4 0 0 0 11 48 22 0 0 44 10 6 21 63 32 15 78
 134 20 2 0 4 5 4 134 23 0 0 1 88 120 31 14 0 0 0 0
 0 0 0 0 1 0 0 0 0 0 0 4 9 0 0 0 0 0 0 12
 1 0 0 0 0 12 9 0
173.50 104.43 1.28 -0.176
 126 77 21 14 48 17 1 2 105 27 0 0 126 57 0 2 126 42 0 0
 4 2 2 10 16 1 0 0 21 7 2 8 126 39 0 0 56 31 1 4
 122 28 0 0 126 64 1 4 126 55 0 0 18 8 1 12 38 15 0 0
 17 11 1 2 126 16 0 0 68 43 18 47 104 12 0 0 83 91 38 53
 96 11 0 0 10 28 39 114 26 26 15 2 6 11 3 5 15 0 0 0
 24 40 61 82 21 0 0 0 0 23 38 63 0 0 0 0 2 20 33 37
 2 2 3 1 5 27 7 7
170.73 67.68 1.35 -0.225
 0 0 3 49 103 31 2 0 122 36 6 31 106 84 11 10 122 59 0 0
 48 27 3 6 17 1 3 2 21 20 9 21 3 3 0 0 97 63 7 0
 74 13 0 0 109 116 16 9 122 64 0 0 29 24 5 16 12 2 8 52
 73 20 1 2 6 3 0 1 30 46 7 2 12 0 0 0 44 118 61 32
 122 10 1 4 39 18 38 102 12 1 5 76 122 26 0 4 3 2 1 6
 10 4 0 1 1 0 12 43 8 8 15 10 21 65 90 66 21 3 8 13
 13 36 11 4 119 44 0 2
164.77 192.55 1.23 1.627
 4 0 0 4 134 7 0 1 134 34 5 3 68 3 18 72 52 26 49 34
 9 33 100 34 4 2 18 26 85 57 42 1 9 1 0 17 134 1 0 0
 134 20 3 5 73 5 8 63 69 16 29 21 8 62 66 37 4 2 12 19
 114 60 29 3 14 3 0 3 132 58 9 3 134 63 16 1 41 33 30 37
 56 47 121 38 9 15 14 8 2 4 47 46 101 23 9 1 7 0 0 0
 7 40 21 2 14 8 4 0 1 23 76 23 3 8 29 3 0 5 30 7
 0 1 12 10 9 14 33 5
164.53 10.91 1.20 2.500
 47 64 7 1 2 0 1 17 67 54 29 3 1 0 1 30 83 19 11 4
 9 8 2 64 4 4 6 33 90 50 1 7 37 11 5 4 16 24 27 62
 119 29 8 3 9 23 17 117 51 28 31 6 21 96 17 39 0 10 29 46
 70 25 2 0 8 16 71 20 3 10 12 19 119 111 25 6 1 9 6 42
 119 40 1 1 32 119 13 13 0 0 1 43 107 99 12 9 37 13 23 27
 8 0 0 34 119 73 21 5 1 1 0 64 108 91 66 33 23 18 2 8
 0 2 31 58 90 45 6 4
161.87 41.68 1.21 2.071
 0 11 12 6 26 84 6 0 68 29 6 5 23 55 27 25 43 9 0 4
 24 87 50 18 3 1 0 0 4 34 23 7 12 108 53 22 38 49 7 2
 88 91 4 1 10 81 97 47 38 7 1 11 34 74 75 34 0 0 0 1
 19 77 35 10 20 56 12 2 19 91 108 29 108 55 4 0 0 5 85 91
 44 2 1 11 63 67 42 14 0 8 18 36 70 47 15 1 2 88 60 4
 0 3 28 7 23 108 108 5 0 0 27 21 19 79 16 19 108 10 0 2
 2 43 45 46 97 44 5 0
160.16 186.11 1.28 -0.237
 24 21 23 20 0 1 1 1 0 3 99 59 0 0 2 2 0 0 111 71
 0 0 15 16 1 3 74 31 0 1 41 34 13 14 29 70 59 12 2 4
 61 6 68 57 23 7 41 109 17 4 25 14 11 16 113 105 25 6 3 1
 11 17 71 94 49 33 6 7 63 28 0 1 113 80 1 0 51 21 8 36
 92 29 11 17 44 69 25 25 64 20 54 24 14 21 6 23 53 22 0 0
 50 25 0 0 74 109 26 3 83 35 3 2 38 84 113 90 13 13 16 11
 4 8 113 69 3 2 30 15
160.16 186.11 1.28 -1.309
 0 0 0 21 68 1 0 0 114 11 0 32 80 0 0 20 87 44 23 0
 0 5 21 25 5 24 13 39 81 20 31 7 2 0 1 45 114 0 0 0
 114 35 5 29 76 1 5 65 50 52 31 2 2 20 68 45 5 24 18 74
 114 20 28 10 1 7 12 32 102 31 4 0 59 106 42 12 45 46 41 5
 15 114 114 13 3 18 39 7 16 25 113 114 100 15 18 11 4 11 17 15
 41 30 22 24 0 16 56 12 21 39 50 0 0 28 65 3 0 42 78 0
 7 9 45 18 1 32 83 21
157.02 46.13 1.35 2.975
 65 37 17 0 0 0 0 0 96 63 3 0 16 90 30 20 32 1 0 2
 25 71 65 117 4 0 8 20 54 49 24 36 25 46 47 0 0 0 24 52
 117 84 10 12 0 3 10 67 31 10 44 117 19 7 14 38 1 8 22 54
 67 31 4 0 47 3 0 0 0 0 20 50 117 43 7 45 34 1 2 27
 79 50 71 117 90 12 1 6 70 30 28 59 69 21 7 22 46 8 0 0
 0 0 0 1 114 24 0 3 29 18 1 2 80 8 1 10 78 101 33 58
 69 2 1 3 37 51 27 72
156.00 6.25 1.16 -1.503
 0 0 1 117 151 6 0 0 9 26 21 107 81 2 4 6 62 51 17 2
 1 2 14 57 9 15 36 4 3 61 33 14 0 0 1 39 154 24 0 0
 88 30 16 42 154 0 0 19 45 74 54 21 29 1 0 12 17 64 96 9
 2 1 0 1 1 0 0 44 154 5 0 0 93 23 4 17 154 7 5 15
 35 21 9 33 49 2 2 7 42 50 10 2 3 0 1 4 0 0 0 15
 154 9 1 0 7 2 1 1 71 15 17 22 2 2 1 2 2 11 16 5
 2 10 6 0 0 2 9 2
152.38 67.79 1.28 -0.270
 0 0 6 76 107 18 0 0 121 61 6 27 113 64 5 8 121 71 0 0
 37 37 1 3 16 2 5 12 17 21 2 5 1 0 1 7 115 78 4 1
 95 20 0 0 83 108 14 10 121 75 0 0 30 19 3 15 8 2 3 47
 113 17 0 0 4 4 0 0 46 79 16 0 18 0 0 0 25 121 70 45
 121 7 0 1 28 17 25 110 11 0 0 46 121 55 2 1 6 3 0 3
 10 13 1 1 2 0 3 11 7 21 21 15 17 34 51 41 6 4 7 23
 8 32 11 1 63 63 1 0
149.40 104.46 1.19 -0.260
 110 76 16 11 51 30 0 0 81 34 0 0 104 66 1 1 115 56 0 0
 25 15 0 1 115 65 0 0 45 19 0 0 115 74 0 0 36 25 0 2
 76 33 0 0 115 92 2 3 115 43 0 0 19 24 6 16 115 74 3 4
 22 15 4 8 115 47 0 0 41 33 2 7 104 25 0 0 64 94 26 27
 66 1 0 0 6 30 39 115 29 15 4 1 1 15 25 21 50 2 0 0
 35 48 31 74 65 3 0 0 1 12 25 65 5 0 0 0 0 6 21 48
 1 0 0 0 1 15 11 4
149.40 104.46 1.19 -2.939
 10 9 6 9 11 8 3 8 7 27 24 15 0 0 0 0 1 14 41 24
 0 0 0 0 0 5 46 45 2 0 0 0 16 11 9 51 110 12 5 11
 16 30 60 114 28 0 0 0 87 52 65 63 28 0 0 5 21 12 40 114
 74 0 0 1 27 1 0 56 114 0 0 9 56 5 4 83 114 0 0 14
 114 6 4 43 95 0 0 47 57 2 0 76 114 0 0 11 34 0 1 53
 106 0 0 6 82 0 2 46 114 0 0 21 114 0 0 52 114 1 0 40
 82 5 0 58 96 1 2 23
143.14 98.20 1.47 2.922
 43 46 14 24 72 14 0 0 98 57 3 10 121 27 0 0 122 122 17 13
 39 3 0 0 8 11 9 15 65 11 5 8 115 51 1 2 88 30 0 0
 93 49 1 4 122 68 6 16 122 97 11 5 9 3 3 43 11 5 7 6
 4 2 2 4 103 45 1 1 95 39 5 13 87 25 0 0 75 90 72 92
 71 4 0 1 6 8 32 122 13 4 1 5 8 5 16 14 28 3 0 0
 21 45 55 61 31 2 0 3 3 3 26 65 19 19 8 9 3 0 8 20
 25 12 0 0 12 15 30 39
143.14 98.20 1.47 -0.008
 12 16 40 20 15 0 0 2 2 1 22 25 20 10 4 4 3 4 29 39
 10 1 2 6 10 26 61 51 11 0 0 0 4 2 4 9 15 3 2 5
 10 10 58 139 74 1 0 2 95 68 86 77 85 4 0 3 99 22 19 35
 110 8 1 6 17 2 4 7 35 14 18 17 30 2 5 44 139 44 8 9
 139 12 5 10 112 11 0 21 111 3 0 1 126 7 1 4 96 1 1 2
 70 18 9 33 24 0 0 0 139 35 6 9 139 2 0 0 67 15 4 24
 48 0 0 0 62 21 16 39
142.60 46.29 1.26 2.993
 39 32 20 0 0 0 0 0 119 66 5 0 3 34 18 11 27 3 0 7
 8 43 63 115 4 0 2 18 59 40 10 26 14 30 40 0 0 0 25 49
 119 72 12 7 0 0 8 70 73 17 46 119 4 0 8 27 6 13 48 107
 35 6 0 1 38 1 0 0 0 0 16 42 119 34 5 25 21 0 3 28
 77 42 48 119 119 7 1 8 119 37 26 34 53 37 7 25 40 3 0 0
 0 0 0 2 100 15 0 2 21 7 1 2 60 5 0 10 110 80 36 56
 97 1 0 0 23 32 17 98
142.60 46.29 1.26 -0.945
 0 16 41 32 16 68 24 0 1 13 4 0 1 96 16 0 0 0 0 6
 24 55 4 0 2 2 5 33 38 6 3 9 11 83 60 34 95 99 6 2
 118 118 12 1 2 82 35 16 13 1 0 9 75 118 36 6 0 0 0 12
 35 34 54 46 16 51 46 9 39 118 29 11 118 31 1 0 3 49 46 92
 57 1 5 18 47 118 38 11 0 2 22 14 10 118 75 7 52 44 15 7
 32 25 15 23 95 42 13 1 1 2 5 32 22 25 26 38 103 14 0 2
 2 35 86 38 55 41 2 0
140.91 129.33 1.37 -0.129
 1 5 4 2 8 3 0 0 127 31 25 6 5 2 0 1 148 51 1 0
 29 5 0 0 5 1 0 0 148 56 0 0 0 0 1 6 10 1 0 0
 136 11 0 2 4 1 0 4 148 57 0 0 21 2 0 2 16 5 0 3
 148 35 4 2 1 0 0 5 13 0 0 1 99 1 0 1 0 0 0 72
 148 25 0 0 8 1 2 63 28 5 0 2 107 55 25 10 11 1 0 4
 11 0 0 2 148 4 0 0 0 0 9 136 80 2 0 0 1 2 36 127
 13 2 0 0 3 13 15 11
137.11 24.83 1.22 -0.791
 96 20 2 5 45 20 6 11 37 16 4 15 134 41 0 11 124 34 1 1
 10 6 2 60 9 5 4 5 5 3 2 8 37 22 5 10 29 24 3 8
 55 9 4 19 134 57 2 8 134 16 0 2 42 18 7 48 9 16 27 60
 92 10 3 6 13 0 0 0 14 134 13 10 19 1 0 3 50 123 16 11
 134 26 3 6 48 37 17 29 25 16 7 28 134 22 0 3 0 0 0 0
 4 134 12 0 1 1 1 9 42 134 8 1 31 33 8 12 23 20 4 9
 18 8 5 19 134 28 1 6
134.67 41.96 1.17 2.443
 11 56 37 79 67 9 0 0 64 54 8 7 35 92 43 23 66 7 5 17
 20 21 20 29 3 0 0 3 11 24 18 9 48 66 15 26 116 106 11 6
 116 108 2 0 2 47 36 24 41 4 3 6 17 116 25 18 17 13 18 6
 13 30 8 10 27 53 0 0 16 90 62 18 116 19 0 0 2 22 85 116
 43 1 2 26 73 88 4 19 5 35 18 14 61 56 0 0 14 90 34 5
 0 0 5 3 50 116 24 4 6 0 12 23 14 29 17 90 116 2 0 4
 12 74 24 28 33 50 5 1
128.99 187.86 1.39 -1.469
 33 14 24 16 108 73 16 31 17 27 76 33 58 71 75 28 123 92 30 3
 5 18 36 27 33 7 0 5 28 23 3 1 47 21 4 30 123 30 20 26
 20 5 35 74 53 41 65 53 123 25 18 41 16 21 26 14 63 6 0 1
 1 7 2 1 14 21 96 84 78 32 23 15 16 20 64 49 61 66 35 10
 123 14 11 23 10 21 19 18 68 8 1 0 0 0 0 3 24 26 63 19
 0 17 90 61 1 12 73 20 3 30 123 7 81 9 39 12 2 3 66 72
 22 16 38 1 0 0 0 6
128.11 46.37 1.16 2.982
 38 41 26 0 0 0 0 0 120 75 5 0 1 21 35 18 29 3 2 21
 9 15 55 94 4 3 6 29 90 15 1 13 18 31 41 0 0 0 21 54
 127 63 8 12 2 0 4 59 68 23 47 127 22 0 1 10 26 29 43 66
 70 7 0 2 41 0 0 0 0 0 16 53 127 27 3 23 31 0 2 31
 76 40 25 127 127 9 1 10 127 55 12 14 45 23 10 22 48 2 0 0
 0 0 0 1 100 22 0 2 24 4 1 1 46 5 0 5 127 66 33 41
 105 2 0 11 8 8 16 67
128.11 46.37 1.16 -0.753
 5 40 66 39 28 24 2 0 11 37 7 1 9 101 3 0 0 0 0 4
 26 67 0 0 0 0 2 35 34 8 0 0 20 70 20 17 118 106 4 2
 118 118 5 1 11 73 13 15 18 2 0 14 107 118 9 4 0 0 0 37
 47 25 34 22 14 64 15 10 31 118 23 9 118 20 0 0 7 65 41 108
 50 0 2 9 65 118 20 16 0 0 3 5 17 118 68 11 28 51 2 1
 7 42 15 4 79 56 1 1 4 4 8 43 16 9 24 66 89 15 1 6
 2 35 70 40 33 41 2 0
126.62 24.98 1.26 -0.735
 3 11 16 28 50 12 7 1 26 9 3 11 129 42 1 13 113 25 1 1
 11 5 3 68 7 4 5 4 3 2 1 7 8 10 4 18 47 69 24 3
 49 3 1 29 129 60 3 7 129 17 0 9 50 14 5 37 7 28 37 60
 72 5 1 3 0 0 0 0 47 129 51 0 15 1 0 6 119 129 10 6
 129 21 1 8 71 33 10 21 32 19 7 26 129 22 0 9 0 0 0 0
 93 60 2 0 2 1 0 9 129 97 1 1 38 21 5 12 35 19 3 8
 38 4 2 15 119 21 0 9
125.49 104.48 1.13 -0.282
 77 96 22 14 55 27 0 0 85 27 0 0 108 73 0 1 123 93 0 0
 2 2 0 0 30 25 3 2 59 14 0 0 123 81 1 2 29 23 2 2
 84 25 0 0 123 109 2 4 123 78 1 0 9 12 3 18 25 59 26 10
 20 3 0 1 123 60 0 0 33 30 1 5 107 38 0 0 58 91 25 23
 78 4 0 0 6 26 29 120 8 10 9 1 0 10 15 15 75 8 0 0
 42 46 14 56 115 8 0 0 0 11 20 50 10 0 0 0 0 5 20 41
 1 0 0 1 5 7 5 4
125.49 104.48 1.13 -2.897
 5 7 8 4 1 5 2 2 6 16 20 18 0 0 0 1 1 19 34 26
 1 0 0 0 0 5 29 81 5 0 0 0 7 2 1 8 40 40 12 12
 9 12 50 114 48 6 0 0 82 51 55 60 30 0 0 9 16 7 22 114
 94 0 0 2 12 0 0 54 114 9 3 15 56 3 3 114 114 1 0 15
 114 5 3 62 88 0 0 50 48 1 3 98 114 0 0 11 5 0 1 87
 114 0 0 1 97 0 0 71 90 0 0 33 95 0 0 65 114 4 1 41
 72 3 3 57 81 3 7 42
125.94 18.27 1.44 2.842
 59 11 3 17 15 4 4 37 134 73 3 9 3 0 0 7 125 32 0 0
 0 0 0 6 3 1 0 0 0 0 2 3 54 16 7 63 62 6 5 45
 134 24 1 3 4 1 2 107 134 12 0 0 0 0 0 41 4 1 0 0
 0 0 0 2 92 22 6 90 68 0 1 47 134 134 4 1 0 0 2 42
 124 130 1 0 0 0 0 5 7 2 0 0 0 0 0 1 117 1 1 36
 12 3 6 93 86 34 4 3 18 9 21 50 134 46 1 0 0 0 2 17
 16 1 0 0 0 0 2 3
122.73 41.24 1.39 2.797
 50 31 22 116 41 1 5 15 36 53 29 54 111 31 1 4 48 49 3 3
 33 25 4 15 5 2 7 29 30 19 11 8 81 60 18 94 117 30 1 6
 117 109 15 28 75 55 25 36 39 14 11 36 33 31 38 61 2 2 2 14
 87 61 5 2 69 39 1 1 85 74 43 21 117 5 2 26 42 45 63 90
 22 19 25 50 36 9 12 24 17 15 7 0 7 26 29 36 44 117 47 3
 1 6 14 4 10 57 16 86 67 10 22 10 31 53 51 62 24 1 0 3
 60 66 32 3 2 1 1 7
120.05 98.68 1.42 2.526
 3 29 9 19 83 66 0 0 40 118 11 12 13 18 0 0 24 75 13 33
 8 0 0 7 5 5 4 1 3 5 2 2 14 96 10 7 52 102 0 0
 42 118 4 4 72 118 3 8 118 118 2 1 2 8 3 28 9 12 6 5
 6 6 8 7 23 109 1 0 49 94 0 0 52 106 0 0 30 118 44 39
 118 9 0 0 1 24 33 118 30 9 1 0 2 10 16 33 3 20 1 2
 64 118 2 0 103 100 0 0 14 41 18 32 36 10 1 2 6 1 7 22
 17 47 19 18 11 0 0 1
120.05 98.68 1.42 0.050
 17 32 36 23 15 1 0 1 3 2 18 30 17 7 2 2 1 4 21 44
 20 1 2 5 22 24 53 77 24 0 0 2 6 4 5 10 17 7 4 5
 16 14 66 132 54 0 0 1 96 73 79 72 93 1 0 2 116 9 7 32
 128 4 0 24 0 0 6 21 49 8 13 6 43 3 7 70 132 13 5 13
 132 12 5 15 109 4 2 39 130 0 0 4 111 3 0 29 12 0 0 3
 80 17 45 22 39 0 0 4 132 18 8 17 132 0 0 0 60 14 7 41
 50 2 0 0 46 15 16 57
118.02 165.38 1.37 0.622
 0 0 6 60 17 1 0 0 0 9 53 14 4 12 8 0 4 24 12 0
 0 9 16 2 1 14 5 0 0 4 6 0 0 0 13 60 49 34 1 0
 27 78 134 80 63 112 12 5 134 134 54 1 8 51 39 66 19 8 3 1
 24 74 37 27 3 0 0 2 11 41 2 2 32 10 5 4 21 134 85 18
 134 134 73 20 24 103 70 82 31 60 97 57 91 58 13 14 1 1 0 1
 0 0 0 1 6 3 0 0 0 20 8 2 5 23 29 7 9 83 20 1
 29 34 54 18 12 29 17 7
115.74 68.11 1.27 -0.306
 0 0 2 55 117 14 0 0 117 78 14 53 117 52 7 12 117 67 0 0
 31 44 3 5 7 4 7 42 69 25 1 1 3 5 10 55 117 37 0 0
 101 20 7 12 59 85 14 23 117 63 0 0 35 15 3 16 9 3 0 9
 117 58 1 0 6 3 0 0 117 95 5 5 33 2 0 0 25 52 46 77
 117 8 0 0 23 14 12 104 41 9 0 5 104 58 2 5 5 13 0 0
 27 44 7 1 10 0 0 1 11 34 38 41 37 17 24 22 5 3 4 38
 22 31 12 3 67 44 0 0
115.55 104.85 1.15 2.753
 4 2 0 0 120 106 1 0 64 79 0 0 99 58 0 0 80 76 0 0
 59 114 22 7 56 2 0 0 14 55 50 120 9 22 1 10 120 71 0 0
 35 39 0 3 120 120 4 5 120 111 0 0 14 27 21 39 32 4 0 0
 1 9 34 56 7 21 28 61 37 6 0 3 13 1 3 21 81 118 65 40
 104 4 0 0 5 27 59 120 21 0 0 7 10 0 0 16 14 7 6 15
 12 13 17 23 19 2 1 2 0 5 28 46 6 1 0 1 0 2 22 32
 0 0 1 9 28 2 0 1
115.55 104.85 1.15 0.014
 4 0 0 1 0 3 13 50 3 1 19 22 0 0 0 7 0 12 43 21
 6 0 0 0 1 5 24 23 4 0 0 2 1 2 22 24 11 1 1 4
 7 12 62 147 78 0 0 0 90 107 103 62 6 0 2 11 15 12 20 35
 3 5 40 30 45 78 112 75 26 0 0 0 51 24 12 65 147 10 0 8
 147 17 6 12 32 4 1 53 68 0 0 0 23 18 29 56 147 35 18 28
 32 2 1 14 86 6 0 5 147 7 0 10 147 0 0 0 22 2 0 32
 95 2 1 5 43 5 1 12
96.95 99.00 1.44 2.576
 1 12 10 17 102 54 0 0 47 117 14 8 37 33 0 0 29 106 29 30
 10 4 2 1 12 5 2 2 3 7 6 4 19 84 19 21 66 61 0 0
 39 93 5 0 103 117 2 4 117 117 1 0 6 15 5 26 20 14 2 1
 1 6 15 12 28 81 1 3 64 92 0 0 57 116 0 0 42 117 27 23
 117 8 0 0 4 43 35 117 38 13 1 0 1 12 21 38 3 12 2 3
 52 94 0 0 85 116 1 0 23 55 13 18 52 23 2 3 3 3 8 28
 15 51 21 17 9 1 0 1
96.95 99.00 1.44 0.033
 39 25 26 20 25 0 0 1 1 3 17 37 28 11 4 1 1 6 21 55
 45 1 2 3 42 25 39 68 48 1 0 3 5 15 17 16 21 3 1 1
 16 18 55 131 46 0 0 0 107 61 59 64 107 0 0 2 126 3 1 11
 128 3 1 18 2 3 2 16 46 8 12 2 55 4 5 71 131 13 3 11
 131 9 3 14 111 5 1 31 120 0 0 4 105 3 2 31 35 2 0 2
 75 27 35 33 43 0 0 2 131 29 9 19 131 0 0 0 43 18 10 47
 21 0 0 0 30 19 20 74
93.98 54.95 1.36 2.979
 13 6 0 0 14 20 4 1 4 0 0 0 5 33 85 37 4 0 0 0
 0 1 140 74 14 2 2 0 0 3 108 72 45 10 0 0 1 1 1 5
 140 8 0 0 0 2 72 130 32 1 0 0 5 14 140 117 14 0 0 0
 0 31 140 66 34 6 0 0 3 1 0 12 140 86 0 0 5 2 3 16
 138 23 0 0 45 23 14 16 62 4 0 4 7 9 6 8 15 5 0 0
 6 4 0 3 140 59 0 0 9 6 0 1 140 33 0 0 28 14 0 1
 46 4 0 0 7 7 0 1
82.58 192.89 1.20 -1.334
 0 1 20 42 14 0 0 0 9 38 82 28 5 0 1 3 2 24 52 2
 1 1 1 2 0 12 39 0 0 0 0 0 5 1 5 48 133 1 0 0
 133 34 26 35 68 9 14 74 32 16 37 17 106 49 23 36 2 26 91 15
 30 7 3 3 11 3 0 30 133 1 0 0 133 72 6 31 93 2 1 21
 60 34 10 94 133 10 2 9 20 19 6 17 65 32 2 3 14 2 0 12
 133 6 0 2 133 38 4 11 88 11 4 52 36 12 6 31 120 41 27 32
 20 8 6 41 47 11 12 17
76.90 105.10 1.18 -0.431
 2 20 19 14 91 84 0 0 95 78 0 0 53 82 0 4 82 81 9 1
 0 1 3 16 7 8 20 11 3 0 1 9 59 113 30 42 50 31 0 0
 64 50 0 0 109 113 2 5 113 76 11 1 4 12 8 28 20 10 19 4
 0 1 14 16 113 113 3 11 51 44 4 0 109 87 0 0 39 103 21 21
 93 1 0 0 4 30 30 113 7 0 0 0 6 11 22 17 53 24 0 0
 61 109 5 4 113 75 0 0 1 11 12 15 32 3 0 0 0 4 16 38
 3 0 0 5 21 5 1 3
76.90 105.10 1.18 -2.998
 5 7 5 2 0 0 1 6 9 10 16 23 0 0 0 9 1 12 30 46
 20 0 0 0 7 3 14 118 52 0 0 0 0 15 19 21 9 10 5 0
 12 23 60 118 17 0 0 0 79 45 44 73 76 0 0 3 46 6 4 102
 118 0 0 4 0 1 9 22 60 32 14 1 67 4 6 98 118 4 0 11
 118 7 3 39 118 2 1 34 66 5 1 54 118 6 7 46 3 4 13 34
 72 0 0 0 104 1 2 53 118 0 0 15 118 0 0 5 93 31 16 35
 9 0 0 3 64 30 62 118
74.21 99.51 1.27 2.490
 1 13 4 8 108 83 0 0 28 126 11 6 22 29 0 0 37 121 5 6
 0 0 0 4 9 19 3 1 1 2 3 4 3 60 23 19 55 95 0 0
 40 75 6 1 64 126 6 8 126 112 1 0 1 16 6 24 41 5 0 0
 1 7 15 37 16 105 8 9 54 56 0 0 38 121 0 0 14 126 31 18
 126 6 0 0 0 43 41 93 65 33 3 0 0 1 1 14 1 17 0 3
 42 117 2 0 47 126 1 1 18 50 6 3 57 54 0 0 2 4 12 22
 4 22 12 12 22 1 0 2
74.21 99.51 1.27 0.097
 28 15 31 48 16 0 0 4 0 1 14 54 28 5 1 1 2 14 31 41
 38 0 0 2 34 8 15 90 90 0 0 5 6 10 24 31 14 1 0 2
 16 13 48 129 33 0 0 0 129 63 57 67 72 0 0 2 73 2 0 18
 129 2 1 22 1 0 4 29 81 2 4 1 61 4 6 112 129 8 1 16
 129 8 5 20 77 5 1 42 63 0 0 12 107 7 7 48 6 0 1 13
 115 21 31 11 53 0 0 14 129 11 4 37 129 0 0 0 26 17 11 69
 5 0 0 0 22 19 35 70
63.62 148.07 1.17 -0.238
 4 0 5 65 122 66 2 7 33 2 11 17 10 10 22 103 47 1 0 0
 0 0 52 116 121 6 0 0 6 1 1 34 7 0 0 0 122 122 3 6
 122 6 0 0 35 31 10 77 46 13 3 5 0 0 24 68 62 44 2 0
 2 1 1 25 2 0 0 0 122 86 0 0 122 19 1 1 75 38 2 10
 61 19 8 13 0 0 7 52 35 18 1 0 0 1 15 80 0 0 0 0
 122 74 0 0 83 0 0 0 79 54 7 35 53 0 0 0 0 0 14 122
 5 0 0 0 4 6 13 71
9.19 81.21 1.30 2.613
 25 90 5 11 57 32 5 5 101 75 1 0 0 7 14 55 23 32 13 1
 14 40 24 13 8 21 2 1 34 22 0 0 33 40 0 3 85 118 9 8
 118 101 4 8 23 22 7 27 18 113 67 44 70 7 0 0 24 77 17 8
 38 10 0 0 15 8 0 0 75 118 18 16 118 5 0 1 35 34 21 87
 17 66 13 21 118 89 0 4 59 118 10 3 18 13 0 0 18 21 4 5
 78 40 2 3 73 12 1 9 29 13 1 11 4 6 9 35 103 76 0 0
 33 87 4 0 45 51 0 0
5.79 105.91 1.21 -0.395
 0 0 1 3 36 26 0 0 76 59 0 0 48 49 0 0 75 70 1 7
 4 0 0 0 26 15 0 5 3 0 0 0 3 24 41 57 70 33 0 0
 69 49 5 2 118 118 3 6 118 84 1 2 5 11 5 30 23 10 0 1
 2 5 4 10 46 102 30 104 118 3 0 0 95 97 4 1 61 118 14 25
 118 2 0 0 11 36 18 108 10 4 1 4 30 17 3 8 48 51 3 31
 118 41 0 0 118 118 0 0 4 18 13 11 52 7 0 1 7 7 17 42
 7 2 1 18 60 1 0 1
4.79 69.57 1.16 2.727
 6 8 0 0 29 7 0 0 6 9 5 22 69 7 0 1 103 20 3 4
 2 0 0 18 163 0 0 0 0 0 0 18 18 16 1 3 46 7 0 0
 20 26 9 41 163 19 0 1 163 85 7 10 13 2 0 10 163 3 0 0
 0 0 0 34 45 27 3 3 16 7 0 0 27 4 0 2 146 128 6 11
 163 10 0 0 18 35 8 57 163 12 0 0 0 0 0 23 53 63 0 0
 1 1 0 0 11 17 0 0 23 62 4 3 62 2 0 0 6 33 8 18
 57 8 0 0 0 0 0 0
4.79 69.57 1.16 -0.154
 0 0 0 30 92 0 0 0 4 8 3 43 67 0 0 0 41 36 4 10
 11 3 0 0 1 0 0 0 53 19 0 0 0 0 0 138 138 0 0 0
 21 17 7 138 138 1 0 1 138 74 8 29 23 2 0 5 14 3 0 8
 69 18 0 0 0 0 0 138 138 1 0 0 25 1 0 41 138 40 9 29
 138 7 0 5 21 8 6 79 26 0 0 5 36 15 2 12 0 0 0 89
 138 0 0 0 14 0 0 23 48 16 8 25 71 0 0 0 5 4 4 49
 26 3 0 0 15 8 0 5
193.77 40.75 0.94 0.043
 80 19 42 57 15 10 19 38 89 73 73 69 9 3 3 20 51 36 60 44
 4 0 0 6 13 18 69 28 8 2 0 2 8 15 69 78 45 9 5 6
 118 40 12 19 20 4 6 93 55 18 28 79 118 4 3 21 118 77 27 25
 26 4 0 7 23 29 63 16 0 27 54 83 118 64 11 18 13 19 17 41
 38 16 5 84 118 9 1 8 115 95 2 14 35 5 1 28 15 0 0 0
 7 48 49 88 54 1 0 6 20 32 18 51 11 1 0 11 96 12 0 6
 67 7 0 0 13 5 0 23
192.76 46.14 0.98 0.377
 115 29 46 19 3 0 3 59 17 37 115 12 0 0 3 5 3 16 41 90
 29 2 3 1 0 4 30 107 44 0 0 0 50 4 25 119 73 3 4 62
 119 59 78 63 26 2 0 56 43 15 14 68 119 28 2 34 0 6 38 48
 54 60 7 0 27 5 9 119 94 3 6 23 119 61 3 39 25 1 7 69
 51 20 2 91 119 6 0 8 0 0 0 14 32 47 7 0 20 0 0 17
 38 2 4 23 102 1 0 25 18 0 4 73 16 0 0 70 56 0 0 3
 0 0 0 18 15 0 0 0
188.05 104.42 1.14 3.029
 41 13 1 1 75 25 1 0 59 16 1 2 125 20 0 0 125 36 0 1
 105 14 0 0 24 17 3 5 125 17 0 0 42 17 4 18 125 43 20 28
 60 20 3 4 125 56 14 23 125 52 2 2 90 36 11 28 25 9 1 3
 125 94 77 24 5 2 6 14 30 20 53 41 7 0 2 2 73 115 98 44
 78 3 0 0 11 30 114 106 10 0 0 0 10 42 96 30 3 3 7 3
 0 0 5 8 4 3 2 1 1 3 17 19 1 0 1 0 1 3 22 9
 0 0 1 4 5 0 3 5
188.05 104.42 1.14 0.130
 1 3 23 3 0 1 1 2 1 6 26 9 1 0 0 1 1 7 26 6
 2 1 2 0 0 0 5 9 6 5 4 1 63 87 126 14 9 0 0 3
 31 39 98 109 77 0 0 1 88 100 114 26 5 0 2 4 14 14 41 15
 0 1 11 4 126 24 15 9 35 7 2 42 94 9 7 55 126 3 3 18
 126 29 21 33 49 3 3 45 104 27 47 35 26 5 7 53 126 0 0 6
 39 2 1 46 67 0 0 26 126 0 1 19 126 0 0 5 53 3 1 36
 110 20 3 7 33 3 2 19
181.11 70.62 1.01 -0.033
 3 4 37 28 0 0 4 4 34 56 41 12 25 0 1 2 17 9 1 10
 139 12 2 6 22 1 1 1 105 10 2 11 14 16 70 129 80 5 0 1
 139 114 61 33 30 3 0 4 61 12 0 4 139 10 0 1 28 3 0 1
 120 15 1 3 32 2 2 6 139 34 2 15 139 4 0 2 38 14 2 45
 73 1 0 1 139 21 2 8 18 1 0 0 32 33 25 23 17 0 0 0
 92 19 3 9 139 5 0 0 19 6 2 17 52 1 0 0 82 27 2 5
 16 0 0 0 5 6 8 16
179.90 67.90 1.01 0.067
 0 0 1 3 3 2 4 3 3 2 15 4 0 5 21 9 36 14 12 5
 16 1 13 20 12 3 8 37 122 2 1 6 1 5 48 53 12 1 1 0
 11 23 132 132 36 0 0 1 132 125 91 30 24 0 0 4 29 9 0 20
 132 1 1 5 19 8 17 44 94 2 0 9 56 11 17 56 132 15 1 25
 132 24 8 11 41 5 0 65 39 1 0 14 132 2 0 6 13 0 0 3
 78 9 1 13 45 0 0 2 128 18 5 29 132 0 0 1 30 5 2 61
 17 0 0 3 82 14 3 12
177.91 46.41 0.98 0.440
 85 34 50 16 1 0 2 33 10 30 106 6 0 0 6 8 1 4 49 106
 30 2 6 0 0 6 38 117 38 1 0 0 37 15 52 117 65 0 8 50
 117 74 92 39 10 1 0 26 32 10 14 84 117 29 0 14 0 11 38 35
 50 65 8 0 30 11 16 117 81 6 12 46 117 37 3 39 19 0 3 96
 28 7 1 115 107 3 0 4 0 0 0 13 24 35 5 0 7 0 0 4
 22 40 96 69 39 0 0 58 30 1 14 97 2 0 0 67 39 0 0 1
 0 0 0 17 10 0 0 0
168.80 150.95 1.03 3.024
 22 1 0 2 8 5 2 4 20 0 15 22 25 21 106 71 5 1 19 12
 29 39 140 111 42 15 5 2 116 95 31 11 47 2 0 0 0 0 0 7
 140 1 0 0 4 8 22 52 41 2 0 0 75 47 26 30 46 6 0 0
 140 67 1 4 48 4 0 0 0 0 0 4 140 25 0 0 5 3 0 4
 60 9 1 6 95 22 1 3 31 7 1 9 140 26 0 0 27 6 0 0
 0 0 0 1 140 43 1 1 1 0 0 0 43 24 10 64 64 0 0 0
 18 6 7 86 140 2 0 1
167.42 194.43 1.05 1.700
 4 6 0 10 27 0 0 0 21 0 0 49 156 0 0 4 156 19 6 9
 47 7 10 85 34 20 47 32 4 55 36 23 35 28 0 9 52 3 0 1
 52 1 0 27 156 23 2 7 156 42 12 7 41 10 10 74 45 18 39 31
 26 57 33 18 62 5 0 0 21 18 1 20 16 0 0 0 94 144 75 13
 156 65 45 4 8 29 101 43 9 34 137 27 2 5 25 1 6 0 0 0
 0 2 0 5 0 0 0 0 0 17 25 0 0 0 0 0 1 8 49 4
 0 0 2 0 1 6 26 3
167.66 191.47 1.13 1.574
 0 0 0 1 42 10 1 0 63 5 0 0 151 20 0 11 151 68 21 18
 16 10 49 77 3 14 48 44 9 27 79 9 1 5 0 5 56 1 0 0
 81 3 0 7 151 6 0 3 151 38 12 11 24 24 25 57 7 11 31 24
 7 58 67 22 23 36 1 3 47 6 0 0 65 7 0 2 151 52 7 5
 151 92 28 12 24 15 13 25 13 20 70 45 16 22 17 4 64 12 0 0
 7 10 0 13 8 0 0 0 35 85 56 7 48 32 22 4 2 15 82 30
 1 9 50 13 0 3 30 5
167.39 113.46 0.97 -3.134
 43 2 0 0 0 0 0 8 188 2 0 0 0 0 0 25 118 8 0 3
 21 2 0 6 17 7 0 13 66 6 0 2 73 1 0 0 0 0 0 8
 188 1 0 0 2 0 0 29 132 3 1 7 37 1 0 6 22 5 2 16
 79 2 0 0 72 2 0 0 0 0 0 9 188 7 0 0 4 0 0 14
 109 10 16 35 61 0 0 5 21 27 25 83 44 1 2 6 54 4 0 0
 0 0 0 4 188 3 0 0 4 1 0 8 82 2 10 23 73 40 30 12
 9 4 12 29 20 13 72 77
164.32 113.30 0.98 -3.107
 41 1 0 0 0 0 0 6 180 0 0 0 0 0 0 32 132 1 1 5
 24 0 0 11 19 3 1 13 54 1 0 0 53 1 0 0 0 0 0 12
 180 2 0 0 2 0 0 24 138 8 15 32 57 0 0 10 21 24 26 82
 38 1 2 5 53 5 0 0 0 0 0 5 180 1 0 0 3 0 0 23
 125 1 11 24 83 49 38 17 9 5 16 34 26 18 97 89 47 5 0 0
 0 0 0 2 180 2 0 0 0 0 0 20 106 7 4 0 2 16 31 17
 1 2 6 4 5 6 37 28
164.00 28.84 1.08 2.174
 27 48 25 43 87 5 0 3 36 32 11 57 141 8 0 0 141 79 8 3
 6 13 15 24 11 9 10 9 40 56 19 8 0 15 16 60 54 30 5 0
 45 8 2 78 83 95 21 6 141 62 0 3 8 19 14 30 62 26 9 13
 141 76 11 4 0 0 0 0 6 39 22 1 10 0 0 0 5 141 72 25
 141 44 3 0 1 23 44 91 35 59 25 39 141 33 0 0 19 8 2 1
 3 23 24 16 2 0 0 0 5 42 24 9 7 10 2 1 1 2 8 15
 0 10 13 50 57 25 2 0
163.70 104.47 1.11 2.539
 6 21 0 0 48 127 0 0 57 127 0 1 21 63 0 0 20 79 1 0
 56 127 32 15 58 17 1 0 4 40 43 127 2 15 9 5 47 120 0 0
 34 116 4 4 81 127 9 13 127 127 1 0 6 50 33 51 14 2 0 0
 0 13 38 68 23 13 11 22 46 20 4 34 37 8 2 0 26 127 71 73
 85 4 0 0 1 27 53 127 10 2 2 2 2 0 0 8 15 15 1 3
 5 15 21 42 12 1 2 4 3 9 8 29 3 0 0 1 3 3 8 20
 0 1 4 8 9 1 0 1
163.70 104.47 1.11 0.078
 0 0 4 1 1 2 4 6 1 1 14 11 1 1 2 3 2 7 28 7
 0 0 1 2 0 0 4 4 4 4 3 1 15 48 102 21 7 0 0 0
 14 23 85 142 69 0 0 1 115 106 110 49 5 0 0 5 17 14 56 40
 1 0 3 4 142 69 67 21 37 2 0 17 92 13 9 59 142 8 2 16
 142 21 14 22 36 11 3 47 25 5 25 25 14 12 18 47 142 1 0 5
 37 4 1 39 78 1 0 25 142 1 1 11 142 1 0 0 16 3 1 26
 29 0 0 0 11 5 3 17
161.99 67.91 0.99 0.078
 1 0 0 3 9 2 0 1 7 1 13 5 0 3 14 12 29 13 16 4
 9 1 6 15 10 1 1 13 109 19 2 3 1 2 35 46 12 0 0 0
 15 19 129 142 36 0 0 1 142 107 103 38 17 0 0 4 31 6 0 12
 117 6 0 0 11 8 26 51 87 4 0 11 59 10 20 80 142 14 1 26
 142 18 9 15 33 3 0 68 36 0 0 29 102 0 0 4 12 0 0 6
 79 6 1 13 43 0 0 2 142 26 8 37 142 0 0 4 24 4 2 67
 18 0 0 10 71 8 2 6
159.51 191.24 1.05 -1.327
 2 0 4 49 77 0 0 0 69 26 34 38 34 1 9 60 14 15 26 0
 1 35 54 30 0 11 29 2 4 16 51 1 15 1 0 48 125 1 0 1
 125 17 4 18 47 1 4 52 57 23 23 1 1 34 52 32 13 14 5 15
 81 38 90 30 29 1 0 56 125 0 0 11 125 28 11 13 26 8 11 82
 25 72 75 15 2 26 35 15 13 76 35 80 100 6 13 10 51 13 1 40
 125 1 0 8 125 66 32 2 7 10 12 54 11 48 48 2 2 32 80 37
 4 13 16 50 125 37 42 18
159.12 193.85 0.95 -1.589
 0 0 15 27 16 0 0 0 2 18 80 15 0 0 0 1 1 5 46 14
 1 1 3 1 1 7 36 7 0 1 5 1 2 1 15 55 127 6 0 0
 127 38 68 37 44 2 12 56 38 6 27 5 0 31 127 56 3 1 21 3
 5 24 127 63 5 1 0 7 127 20 0 0 127 80 0 2 99 7 2 18
 113 59 30 11 0 13 39 24 29 52 40 10 18 12 35 43 0 0 0 0
 127 26 1 0 127 75 2 1 113 9 0 11 82 67 47 29 1 13 22 22
 3 58 67 20 5 10 33 29
159.10 81.82 0.99 -0.224
 116 60 8 8 69 30 0 2 87 26 0 0 116 76 0 3 116 50 0 0
 10 9 0 1 103 54 1 0 40 14 0 0 116 65 0 0 72 32 0 1
 98 39 0 0 116 90 0 6 116 43 0 0 24 20 1 17 98 74 5 3
 20 9 1 3 104 27 0 0 78 52 4 8 116 28 0 0 86 87 25 28
 61 2 0 0 13 35 40 116 29 19 2 0 1 12 22 16 24 1 0 0
 21 46 39 37 54 2 0 0 1 17 30 54 1 0 0 0 0 10 25 35
 1 0 0 1 5 10 10 4
159.10 81.82 0.99 -2.970
 1 6 5 10 17 7 1 1 3 30 25 16 1 0 0 0 3 27 37 22
 1 0 0 0 1 12 41 41 4 0 0 0 16 5 2 18 104 22 2 11
 14 22 39 101 54 0 0 0 115 54 51 68 43 0 0 13 52 19 28 86
 85 0 0 5 27 0 0 34 118 4 0 8 50 1 1 75 118 0 0 7
 118 2 2 38 109 1 0 53 87 1 1 39 118 0 0 19 17 0 0 49
 118 0 0 3 76 0 1 55 118 0 0 14 118 0 0 35 113 1 0 42
 90 0 1 28 90 2 3 26
155.63 89.84 1.07 0.011
 107 15 15 11 14 1 0 29 81 2 2 1 94 17 4 44 136 1 0 1
 51 7 1 34 14 0 0 4 136 13 0 2 136 4 0 0 16 3 0 18
 136 4 1 8 136 3 1 14 136 18 0 10 53 0 0 10 13 4 0 18
 136 26 7 2 136 11 0 0 13 3 0 9 112 23 2 13 127 1 0 3
 128 51 43 30 27 1 0 10 5 3 26 56 70 20 6 1 49 11 1 0
 3 12 10 24 31 25 6 13 32 8 3 3 7 24 24 6 7 6 11 5
 6 3 13 8 2 0 0 2
150.49 81.99 0.90 2.852
 6 8 0 0 98 52 0 0 89 64 0 4 104 44 0 0 117 81 0 1
 111 69 3 0 96 28 0 2 56 50 22 42 13 12 0 2 120 52 0 0
 61 34 0 3 120 97 5 10 120 92 0 1 23 47 20 36 26 2 0 0
 9 45 75 81 13 10 1 9 120 32 15 27 18 3 0 0 47 111 99 79
 84 5 0 0 3 16 64 120 10 0 0 2 2 1 9 18 5 4 1 4
 16 9 19 22 10 1 0 0 0 5 34 32 2 0 1 4 2 0 15 22
 0 1 2 15 9 0 0 0
144.35 70.56 0.93 0.074
 7 0 20 24 0 0 2 9 34 37 45 22 3 0 0 3 23 9 0 18
 112 1 0 0 1 0 0 8 73 4 3 3 10 8 59 146 62 0 0 1
 146 84 82 66 12 0 0 11 79 7 0 21 146 0 0 4 3 2 1 12
 58 14 7 3 33 7 8 52 146 12 1 18 146 6 3 10 31 5 1 76
 79 0 0 20 146 3 0 10 18 0 0 2 16 7 15 22 32 0 0 4
 111 16 1 21 146 0 0 0 15 5 1 63 38 0 0 3 89 13 1 5
 18 0 0 0 5 4 2 10
144.20 68.01 1.08 0.075
 0 0 1 4 9 5 1 0 8 1 12 10 1 6 13 21 34 19 18 11
 17 0 4 17 9 1 0 19 100 4 2 3 0 1 16 27 9 1 0 0
 21 16 85 146 53 0 0 3 146 82 79 59 34 0 0 8 25 3 0 19
 118 1 0 2 15 13 36 66 81 0 0 2 73 13 20 90 146 14 1 28
 146 10 6 17 56 4 0 66 31 0 0 15 106 4 2 11 26 0 0 9
 115 2 0 9 67 0 0 6 139 17 2 31 146 0 0 2 32 5 0 54
 15 0 0 2 56 11 2 5
139.62 104.50 1.09 3.014
 64 17 0 0 125 20 0 0 65 17 1 1 128 31 0 0 128 44 0 1
 104 16 0 0 20 8 1 6 128 36 16 34 90 30 0 3 128 20 0 7
 77 21 1 6 128 48 7 13 128 54 1 3 54 29 11 39 15 2 0 0
 50 63 81 86 36 3 2 18 95 24 37 69 26 1 0 0 83 93 77 69
 61 2 0 0 6 13 66 128 7 0 1 3 3 3 14 18 1 0 0 5
 2 2 15 15 5 0 0 1 1 6 18 17 0 2 2 2 2 0 11 13
 0 0 2 18 12 0 0 0
139.62 104.50 1.09 0.043
 5 0 1 0 0 1 4 13 3 1 16 11 0 2 1 3 2 6 25 13
 2 0 0 1 1 1 8 7 1 0 1 3 4 15 41 25 9 0 0 1
 9 13 77 131 71 0 0 0 101 73 91 56 16 0 0 2 51 16 52 59
 17 0 2 21 132 56 74 47 27 0 0 7 71 11 7 34 132 7 2 11
 132 11 6 16 79 4 1 27 132 4 4 19 88 6 0 38 132 3 2 5
 29 4 1 30 69 0 0 9 132 2 1 7 132 1 0 3 56 2 0 11
 132 0 0 3 60 4 0 21
139.08 137.62 0.98 -3.088
 1 1 47 65 45 0 0 2 9 8 76 69 23 10 3 8 137 42 31 15
 5 3 2 30 37 2 0 5 51 2 0 4 7 22 34 58 122 0 0 4
 42 29 62 38 17 11 4 13 137 7 3 2 3 3 3 59 36 0 0 4
 95 5 0 11 14 18 19 72 137 0 0 0 130 43 28 7 1 0 0 5
 137 9 0 0 0 0 0 26 29 1 0 14 115 0 0 3 18 12 2 24
 137 0 0 0 137 36 0 0 0 0 0 3 137 4 0 0 0 0 0 21
 18 0 0 10 113 1 0 3
137.40 143.57 0.93 -0.073
 34 1 0 0 24 44 0 3 144 27 0 1 22 6 0 3 144 22 0 8
 81 8 0 0 143 28 1 2 4 0 0 0 23 0 0 0 43 44 3 5
 144 20 0 2 24 8 3 24 144 25 0 10 108 11 1 1 144 40 18 26
 4 0 0 0 9 0 0 0 24 33 52 24 144 9 0 0 14 13 25 46
 97 49 2 9 113 30 7 5 55 93 54 50 4 3 12 18 14 11 3 7
 8 9 24 24 115 3 0 3 4 8 17 38 53 4 0 0 18 43 42 19
 5 7 2 0 1 6 48 53
130.38 113.58 0.97 3.080
 83 7 1 0 0 0 0 3 208 28 0 0 0 0 1 2 65 4 1 12
 3 3 23 9 5 0 2 9 1 1 11 15 91 18 4 0 0 0 3 3
 208 32 0 0 0 0 0 3 100 6 2 10 9 3 1 2 10 14 8 3
 1 0 1 8 76 2 0 0 0 0 12 21 208 13 0 1 0 0 0 19
 95 9 7 45 9 3 8 3 6 37 25 23 3 11 9 1 58 9 0 0
 0 0 0 6 208 30 0 0 0 0 0 7 109 15 1 9 8 13 29 33
 21 12 1 4 30 104 36 16
127.34 70.60 0.99 -0.024
 13 2 16 32 0 0 0 19 39 42 42 28 11 0 0 5 61 7 0 1
 137 6 0 1 103 2 0 0 101 27 3 4 11 8 35 137 86 2 0 3
 137 95 56 74 27 1 0 5 106 18 0 4 137 8 0 1 88 42 9 8
 43 18 2 2 21 7 12 30 137 33 5 15 137 11 1 5 38 16 6 70
 79 10 0 2 112 28 3 3 29 21 6 2 10 11 5 12 28 1 0 1
 68 16 3 9 137 7 0 0 12 7 3 30 48 5 0 2 51 8 1 1
 3 1 7 28 27 4 2 3
126.76 150.75 1.07 -0.938
 0 0 1 14 18 9 2 0 17 11 9 18 14 22 11 7 3 0 0 0
 3 78 16 3 1 0 0 0 3 37 7 0 8 1 1 37 79 0 0 1
 137 18 5 32 49 9 24 68 26 3 0 0 2 137 77 27 0 0 0 0
 2 124 21 0 23 10 3 62 130 1 0 1 137 117 1 27 50 2 3 14
 70 92 3 0 0 84 40 10 0 10 4 0 1 137 37 0 3 46 53 44
 76 39 2 0 71 137 7 5 24 76 19 0 41 137 27 0 0 9 4 3
 0 45 33 4 7 42 2 0
126.54 68.09 1.07 0.013
 2 0 0 8 19 8 4 3 14 1 10 11 1 1 7 35 35 15 16 9
 31 0 1 13 68 0 0 2 130 3 0 7 3 0 5 20 12 4 2 4
 27 20 71 140 54 0 0 11 140 98 69 62 43 0 0 3 94 11 0 9
 140 3 0 3 8 8 34 73 55 1 1 2 58 11 20 86 140 31 6 28
 140 18 5 13 50 9 4 60 47 14 1 3 104 22 3 4 29 3 3 15
 114 2 0 5 53 2 1 2 98 25 7 24 140 7 0 1 17 5 3 39
 15 2 0 3 45 11 2 2
121.49 77.57 1.05 -2.967
 3 1 1 1 0 1 6 7 2 5 12 27 2 0 4 5 39 20 14 13
 24 11 7 10 50 3 1 9 60 15 3 13 8 24 37 40 4 0 0 0
 30 24 33 123 58 0 0 2 123 41 26 48 60 0 0 25 101 0 0 27
 91 1 0 28 92 26 33 70 32 0 0 15 123 11 2 83 123 0 0 22
 123 6 1 50 81 0 0 57 120 0 0 31 63 0 0 34 119 0 0 23
 67 0 0 34 123 2 0 52 123 0 0 23 123 12 4 22 25 3 5 31
 61 0 0 18 23 1 4 39
121.14 192.37 1.11 1.800
 33 7 18 23 20 9 39 43 100 8 9 26 41 8 2 31 63 58 87 36
 56 11 7 27 49 60 120 54 25 3 4 14 50 55 72 41 24 6 5 7
 120 29 19 25 34 12 4 60 68 10 11 35 120 45 4 33 120 10 6 5
 30 2 0 29 57 22 5 4 23 40 110 39 120 79 22 27 29 27 50 22
 70 28 29 120 107 22 24 21 120 3 2 7 10 1 4 34 0 0 0 0
 0 20 52 2 3 1 0 2 2 35 76 7 12 1 1 8 10 39 97 26
 29 0 1 1 2 1 16 33
121.14 192.37 1.11 -1.437
 2 1 18 29 32 0 1 1 12 30 101 26 13 1 1 10 3 27 93 13
 7 4 1 2 1 19 87 12 2 0 0 0 8 1 4 18 119 6 2 4
 119 22 21 16 74 27 25 119 36 18 33 19 119 105 25 30 28 22 69 34
 69 42 15 5 12 2 0 8 119 9 4 2 119 66 3 18 79 10 11 24
 41 24 5 48 119 27 12 22 25 8 8 9 34 33 58 55 25 2 1 5
 43 35 85 49 50 12 7 24 51 70 119 45 37 11 4 20 115 20 7 20
 29 7 19 32 51 8 10 18
119.78 181.45 1.08 0.588
 39 44 25 7 2 12 18 6 9 21 47 11 9 26 8 7 6 15 14 0
 1 4 5 8 2 1 0 0 2 2 3 1 4 15 48 31 44 13 11 13
 13 50 125 52 49 37 10 14 125 119 81 10 8 16 27 48 25 4 1 5
 23 73 48 23 15 0 0 25 27 10 14 66 27 5 5 61 122 118 25 57
 125 88 19 13 24 35 21 115 53 53 48 125 108 56 18 15 28 0 0 76
 17 0 0 43 26 4 0 109 30 5 11 66 54 65 44 10 9 18 12 64
 6 39 38 38 28 28 26 4
118.53 185.04 0.96 0.637
 5 50 91 14 4 3 1 3 19 41 21 0 2 6 11 10 2 1 0 1
 1 11 11 1 0 0 1 2 1 1 1 0 84 48 63 29 70 56 8 19
 129 75 17 4 8 36 54 108 12 9 11 38 81 127 47 16 0 12 12 8
 7 4 0 0 67 5 0 38 61 52 17 76 129 107 43 38 15 9 11 91
 11 40 68 129 127 42 10 2 0 103 67 23 8 12 11 0 30 19 6 18
 4 13 21 60 17 75 63 12 12 16 6 18 7 40 20 21 25 49 52 4
 2 27 9 2 5 83 90 2
118.77 81.99 0.91 -0.546
 14 53 6 1 58 114 0 0 58 114 0 0 19 51 0 0 46 114 4 1
 2 1 0 0 13 65 34 11 19 20 0 0 72 114 3 0 34 78 0 0
 48 66 0 0 72 114 2 4 114 71 1 0 2 10 11 29 20 30 12 1
 0 2 20 13 72 114 0 0 30 112 1 0 66 93 0 0 33 114 25 16
 110 2 0 0 2 33 38 86 13 0 0 0 2 13 23 12 27 30 0 0
 61 114 3 1 114 89 0 0 6 36 14 13 35 8 0 0 0 5 24 26
 3 0 0 0 7 4 1 3
118.77 81.99 0.91 -3.019
 7 8 3 5 4 0 0 1 10 8 9 16 0 0 0 4 1 16 20 31
 10 0 0 0 19 15 27 92 17 0 0 0 1 22 14 19 23 10 1 0
 9 30 53 115 7 0 0 0 69 61 44 68 58 0 0 2 96 9 6 79
 115 0 0 9 1 2 4 19 115 27 4 3 53 7 12 101 115 0 0 8
 115 12 6 38 102 0 0 32 115 3 0 42 115 0 0 12 3 0 0 28
 115 1 0 1 80 0 0 28 115 0 0 13 115 0 0 24 115 2 0 29
 115 3 0 26 98 2 0 20
114.88 89.97 1.03 -3.073
 64 1 1 6 10 3 7 85 8 13 9 7 3 1 0 2 15 10 3 8
 28 20 10 10 1 23 17 30 33 17 2 0 1 0 0 14 30 7 17 18
 29 14 17 23 11 34 30 7 128 17 4 9 76 40 18 42 4 1 4 27
 128 38 6 6 29 3 0 1 11 10 46 106 35 0 0 2 121 116 69 57
 128 4 0 31 128 16 3 24 12 1 0 45 128 1 0 2 128 13 2 1
 19 1 1 58 37 0 0 23 128 8 1 18 101 4 2 38 128 1 0 15
 22 3 0 35 128 8 2 5
113.55 113.56 0.93 -3.137
 71 2 0 0 0 0 1 14 160 0 0 0 6 0 0 18 138 25 4 12
 24 0 0 3 45 15 10 72 98 2 0 0 93 4 0 0 0 0 0 15
 160 2 0 4 19 0 0 21 58 38 67 64 79 4 2 6 20 25 81 108
 25 7 4 52 106 0 0 0 0 0 0 19 160 4 0 1 16 5 1 17
 35 2 10 18 81 55 77 36 6 2 11 7 4 11 45 132 86 0 0 0
 0 0 0 15 160 1 0 0 0 0 1 22 37 1 1 20 5 7 29 11
 11 2 2 13 3 0 8 8
111.00 44.36 0.94 2.747
 17 93 13 7 11 1 0 0 3 10 7 84 98 1 0 0 66 39 10 28
 19 5 0 6 34 30 14 15 27 14 4 6 91 122 9 10 14 0 0 0
 19 41 15 109 122 11 0 1 122 113 15 29 36 10 2 20 47 16 6 8
 35 42 64 42 106 78 1 1 4 1 0 0 54 40 2 10 122 106 6 9
 122 13 1 2 33 46 12 96 88 8 6 3 0 3 19 50 48 45 0 0
 0 0 0 0 84 68 0 0 20 45 16 5 92 4 0 0 7 34 48 72
 38 8 6 1 0 1 12 44
111.00 44.36 0.94 -0.371
 2 3 15 38 27 8 7 3 5 25 42 78 102 3 0 0 24 52 24 11
 76 51 0 0 0 0 0 0 61 50 0 0 1 3 26 50 62 7 7 6
 20 30 11 107 123 12 1 2 123 111 8 17 53 28 2 11 9 3 0 0
 115 76 1 1 35 42 73 44 32 16 8 9 28 11 3 22 123 102 13 22
 123 11 1 2 23 40 16 119 23 0 0 0 97 123 7 15 23 12 4 6
 36 33 16 15 16 6 0 8 68 35 10 24 92 0 0 0 4 11 8 92
 14 0 0 0 20 87 9 9
109.35 90.11 1.00 -0.091
 3 2 3 10 18 3 1 5 41 8 5 9 36 16 4 18 136 10 3 3
 28 11 12 49 8 0 0 1 136 46 7 5 66 16 21 49 18 3 2 20
 90 4 2 0 45 40 16 41 136 13 1 8 32 5 2 22 10 2 0 12
 136 34 4 0 136 18 2 6 22 7 0 10 136 9 0 1 111 14 2 9
 136 44 3 15 37 1 0 0 8 4 3 48 123 19 2 0 136 9 0 0
 7 2 0 3 103 11 1 3 109 17 0 2 45 81 44 29 32 3 0 0
 9 10 29 61 11 0 0 1
105.25 47.01 0.96 3.086
 42 5 0 0 0 0 0 3 128 7 0 1 42 9 0 3 53 0 0 4
 123 53 21 85 85 2 0 0 1 4 10 128 46 4 0 0 0 0 0 9
 128 18 0 0 6 11 7 13 62 1 0 0 14 50 92 92 40 11 3 0
 0 2 43 77 23 3 0 0 0 0 11 23 128 17 2 0 0 0 2 28
 102 39 54 3 0 0 23 45 17 33 98 6 2 4 47 47 9 0 0 0
 0 0 89 31 121 9 4 2 1 3 62 78 24 24 81 15 6 16 106 21
 0 20 126 4 0 0 115 12
102.68 41.02 1.01 -1.470
 0 0 4 39 127 18 1 0 92 7 2 25 101 4 11 51 30 0 0 2
 37 45 50 32 0 0 20 36 52 58 31 0 3 0 0 27 127 12 0 1
 127 28 4 15 114 3 4 77 47 10 8 17 106 43 12 37 1 0 1 3
 31 102 37 10 2 1 0 40 127 1 0 2 122 98 22 20 96 8 8 56
 32 51 78 65 31 23 11 14 40 19 8 7 30 13 6 16 6 0 0 17
 127 18 6 7 90 2 1 4 40 21 20 82 16 4 5 5 6 64 37 22
 33 3 1 9 40 5 10 22
101.96 77.73 1.00 -0.357
 4 3 3 6 84 59 1 0 104 61 0 1 96 102 4 2 102 55 0 0
 60 99 11 16 60 1 0 0 5 27 19 64 55 35 7 9 78 52 5 1
 81 36 0 0 116 116 6 9 116 72 0 0 17 46 14 29 20 1 0 0
 3 18 19 34 62 36 0 0 95 66 0 0 82 43 0 0 116 116 13 21
 115 4 0 0 16 49 18 79 10 1 3 6 2 3 5 4 19 23 1 0
 74 53 0 0 67 75 5 1 30 55 5 1 11 7 4 4 11 36 15 13
 1 0 6 40 32 1 0 1
101.96 77.73 1.00 -3.047
 3 1 1 0 0 3 24 11 4 9 8 20 7 0 3 7 39 28 6 10
 47 19 4 7 76 1 0 4 60 13 0 13 4 13 14 23 10 0 0 0
 41 22 25 125 47 0 0 2 125 42 16 42 81 0 0 12 121 1 0 16
 75 0 0 20 58 44 30 58 47 0 0 0 125 10 5 86 125 0 0 13
 125 10 5 31 90 1 0 35 125 0 0 19 59 1 0 34 125 11 5 32
 69 0 0 14 125 4 3 40 125 0 0 12 125 14 4 9 22 6 5 22
 56 0 0 8 27 3 3 33
100.25 129.85 0.98 1.881
 6 6 0 0 0 4 12 4 15 4 2 2 1 0 2 13 19 2 0 0
 0 8 54 44 4 1 0 0 0 19 50 6 1 0 0 0 0 104 126 2
 54 14 3 7 13 123 94 15 126 29 1 0 0 31 111 91 17 3 0 0
 0 103 126 8 2 12 8 0 0 62 104 0 9 2 3 0 0 126 126 13
 126 12 0 0 0 34 112 91 34 15 3 0 0 11 26 7 0 92 124 0
 0 0 0 0 0 67 104 0 0 8 9 0 3 33 49 0 0 5 16 10
 4 16 7 0 0 0 0 1
100.25 129.85 0.98 -0.036
 134 25 4 0 0 0 0 0 144 28 16 19 2 0 0 0 3 13 39 26
 8 0 0 0 1 3 2 20 69 6 0 0 96 54 17 2 0 0 0 0
 125 90 144 132 1 0 0 1 144 100 121 57 0 0 0 7 36 9 1 2
 96 7 0 3 2 22 21 6 1 0 0 0 53 21 64 55 7 7 9 26
 144 25 13 8 1 0 2 53 54 2 0 3 88 3 0 3 0 7 7 3
 0 0 0 0 54 15 8 7 1 0 1 3 144 32 0 0 0 0 0 4
 39 6 0 7 59 0 0 0
90.68 185.86 0.99 1.744
 0 0 3 22 50 5 0 0 5 22 103 59 59 4 1 7 5 60 118 0
 0 2 30 11 0 29 116 1 0 9 23 0 0 0 0 9 115 7 0 0
 37 26 6 19 118 13 3 18 118 50 24 8 3 10 104 81 17 15 54 28
 17 97 118 23 0 0 0 7 118 5 0 0 36 3 0 6 118 21 8 39
 118 28 27 46 22 1 7 46 105 48 58 84 34 9 10 9 0 0 0 9
 87 3 0 0 32 23 2 8 89 7 12 37 32 16 4 11 36 17 15 30
 89 9 1 8 36 13 6 33
91.21 105.06 1.06 2.849
 4 8 1 0 102 48 0 0 104 70 1 4 125 56 0 0 125 87 0 0
 62 78 17 9 29 0 0 0 21 47 37 125 7 19 8 10 63 29 0 0
 69 41 5 3 125 125 7 21 125 100 1 0 11 17 11 57 21 4 2 1
 1 6 11 26 32 29 21 58 25 8 0 14 49 15 4 3 67 125 63 85
 84 2 0 0 3 16 34 125 9 0 1 11 16 1 1 8 31 2 4 17
 22 21 16 81 34 2 3 2 0 10 15 53 4 0 0 0 1 2 7 27
 1 0 0 25 49 1 0 0
91.21 105.06 1.06 0.049
 7 0 0 1 0 0 7 61 3 0 13 25 1 0 0 5 2 14 30 35
 3 1 1 0 3 5 24 72 5 2 5 3 2 1 6 17 15 1 3 3
 11 12 65 153 90 0 0 0 123 99 88 87 25 5 1 4 16 8 10 81
 33 14 30 34 46 45 64 54 41 0 0 0 57 10 7 69 153 5 3 9
 153 14 6 13 34 12 6 42 25 0 0 1 18 23 15 31 153 33 27 36
 40 0 0 9 73 1 0 18 153 2 1 11 153 0 0 0 20 3 1 35
 21 0 0 4 18 8 1 4
90.02 90.33 1.02 -0.022
 29 7 12 34 17 0 3 13 47 3 1 1 53 36 16 30 131 6 0 1
 43 7 0 27 9 1 0 3 131 30 3 2 131 17 17 25 33 5 0 19
 131 2 0 6 131 20 2 22 131 10 2 9 59 3 0 9 13 1 1 22
 124 22 3 1 131 15 0 3 21 3 0 5 131 13 0 7 131 5 0 1
 107 62 54 33 39 1 0 2 10 11 33 61 22 1 0 0 131 15 1 3
 9 0 0 4 81 18 6 12 112 10 1 1 5 13 17 4 24 8 5 9
 13 12 9 25 5 0 0 2
85.11 195.12 1.02 1.842
 59 64 4 11 51 2 7 18 56 19 3 8 79 37 10 21 136 6 2 8
 52 28 16 112 42 4 3 35 136 53 8 20 64 27 2 3 39 55 71 35
 113 27 22 31 54 26 25 23 136 48 22 33 74 15 8 62 60 5 10 63
 136 23 2 18 1 0 0 0 1 49 98 6 15 4 5 6 1 64 136 9
 52 51 43 35 14 39 76 9 35 4 19 70 100 61 60 33 0 0 0 0
 0 0 1 0 0 0 0 0 0 8 13 0 0 0 0 0 0 19 34 0
 1 0 0 0 0 30 56 13
74.48 70.95 0.88 0.045
 6 0 10 63 3 0 4 22 43 54 63 64 1 0 0 5 30 16 1 13
 107 4 0 0 62 29 2 8 47 5 0 6 8 4 11 145 98 0 0 3
 145 68 37 100 18 0 0 8 110 8 0 3 105 17 2 4 25 3 1 6
 32 18 7 28 17 1 3 75 145 12 5 15 145 5 0 12 29 5 6 81
 104 2 0 10 75 6 0 5 2 0 4 35 52 4 0 4 15 2 3 8
 92 25 8 25 145 0 0 0 6 6 5 87 51 0 1 29 59 0 0 6
 1 1 9 32 60 4 0 2
74.24 68.67 1.02 2.690
 13 10 0 3 109 71 0 0 44 101 17 19 87 24 2 2 118 64 1 1
 2 5 11 58 21 2 1 4 6 0 0 9 36 26 0 0 86 88 0 0
 92 65 4 13 134 134 3 11 134 97 1 4 7 9 2 32 15 15 4 6
 3 0 0 1 28 70 7 3 21 25 0 0 52 22 0 0 111 134 33 46
 134 1 0 7 22 41 27 130 6 16 9 21 23 0 0 2 25 49 7 5
 24 40 5 1 52 62 0 0 7 47 16 10 9 0 0 16 39 17 16 34
 1 8 11 33 36 2 0 0
74.24 68.67 1.02 0.039
 1 0 0 0 24 18 8 11 9 1 14 40 1 1 17 49 28 35 37 31
 14 0 1 12 33 9 0 14 111 2 0 1 1 0 0 13 23 5 5 7
 28 14 27 152 91 0 1 10 152 80 45 88 30 0 0 5 41 5 0 4
 106 23 4 10 0 1 16 70 52 1 4 4 56 3 7 119 152 16 7 28
 152 9 1 16 35 4 4 65 34 1 1 11 69 9 1 3 17 7 19 69
 75 2 0 4 38 3 5 11 114 31 11 42 152 0 0 3 17 4 4 72
 18 1 6 38 55 1 0 3
72.01 90.43 0.92 -3.114
 84 1 0 2 11 7 2 18 15 4 4 5 1 0 1 6 46 3 0 1
 18 35 27 39 3 2 0 7 82 55 11 4 19 0 0 11 22 5 8 28
 37 13 8 18 8 15 24 5 132 16 1 6 77 12 6 26 16 2 0 27
 132 16 2 3 15 0 0 2 16 7 52 109 30 0 0 12 74 84 106 51
 132 2 0 21 116 12 6 23 19 11 2 57 132 1 0 0 99 1 0 3
 31 1 4 92 33 2 0 44 132 9 6 19 125 13 9 48 106 1 0 4
 31 8 1 51 132 5 5 24
67.72 105.53 1.06 2.650
 2 6 1 3 85 114 4 0 82 122 0 2 50 52 0 0 68 110 0 0
 15 77 28 28 25 1 1 1 2 6 12 40 9 24 5 10 59 80 0 0
 68 72 0 3 122 122 4 11 122 120 0 0 5 12 4 33 14 2 0 2
 16 2 1 8 6 32 23 17 46 30 0 0 37 47 26 5 66 122 36 47
 122 1 0 0 4 24 29 122 11 0 0 4 28 7 1 4 6 10 11 17
 113 37 2 5 122 50 14 7 20 13 13 51 33 4 0 0 1 1 9 37
 2 4 3 3 25 8 0 1
67.72 105.53 1.06 0.021
 18 1 0 0 0 0 1 81 6 2 12 29 3 0 0 3 1 8 42 64
 28 1 0 0 29 7 26 111 34 5 1 13 7 0 3 14 8 0 0 14
 12 8 34 149 75 0 0 0 145 58 71 93 34 24 1 5 46 2 2 18
 42 59 26 61 20 29 37 38 44 1 0 1 49 7 3 81 149 12 0 10
 149 8 3 15 36 8 1 27 51 4 0 2 28 15 6 15 149 43 29 58
 39 0 0 1 64 3 0 7 149 9 0 10 149 2 0 0 20 5 1 28
 28 4 1 1 10 8 24 23
67.71 90.87 1.04 -0.119
 1 1 6 26 20 1 0 2 68 4 5 11 35 22 9 23 129 5 0 1
 62 14 2 25 4 0 0 0 129 62 9 15 68 8 11 67 32 1 3 31
 102 5 2 2 42 42 24 54 129 20 0 9 63 7 1 8 6 0 0 20
 129 29 4 2 129 14 9 16 34 14 2 13 129 10 2 1 129 25 2 14
 129 47 50 62 42 2 0 7 8 4 14 84 53 1 0 0 129 16 0 0
 5 7 1 7 110 12 3 4 122 23 0 1 8 23 43 16 34 11 2 6
 15 4 9 28 18 0 0 3
57.57 82.79 1.01 -0.343
 1 1 3 20 109 30 0 0 80 48 1 7 111 70 1 3 107 87 2 0
 0 0 0 1 21 53 21 9 19 7 0 0 23 48 27 87 65 20 0 0
 59 45 3 0 111 111 0 5 111 58 0 0 11 14 4 27 31 18 6 1
 1 0 6 20 69 67 8 36 111 45 0 1 111 80 0 0 80 109 9 15
 111 1 0 0 16 41 18 95 11 0 1 5 10 6 7 15 30 14 0 2
 105 89 0 1 111 75 0 0 18 35 11 6 37 4 0 1 4 17 21 35
 4 0 0 12 31 2 0 2
57.57 82.79 1.01 -2.979
 9 1 1 1 0 2 9 21 12 4 7 31 0 0 1 17 12 26 26 55
 18 0 0 2 34 7 3 84 106 0 0 5 1 2 12 28 14 5 3 4
 8 9 33 122 31 0 0 0 122 32 29 103 58 0 0 12 96 2 0 66
 122 0 0 19 4 0 2 16 82 41 8 6 36 1 5 84 122 1 0 6
 122 2 2 30 93 7 4 47 61 0 0 21 122 18 35 111 8 0 0 41
 111 3 0 2 56 0 3 56 122 2 1 23 122 0 1 4 15 7 15 73
 4 0 0 7 15 10 40 69
57.12 68.91 1.09 2.665
 27 23 0 2 77 23 0 0 15 56 12 26 126 18 1 0 96 79 5 4
 6 7 14 42 30 13 3 1 3 2 0 7 52 26 0 0 44 39 1 8
 35 51 13 26 140 140 1 4 140 138 8 7 34 19 2 29 36 21 2 0
 6 1 0 3 43 51 2 1 7 8 0 2 31 27 1 0 140 140 15 18
 140 3 0 5 45 99 27 117 22 19 12 26 38 4 0 5 50 22 4 3
 26 8 0 13 39 60 2 1 15 49 7 4 32 5 0 14 31 47 22 38
 3 6 7 51 52 6 0 1
57.12 68.91 1.09 -0.076
 6 0 0 0 33 37 16 30 19 6 10 54 13 1 20 67 55 49 22 39
 34 4 0 6 19 3 0 3 65 9 1 4 8 0 0 11 32 12 2 7
 45 19 16 152 142 2 0 12 152 94 24 91 44 4 0 4 28 3 0 4
 57 25 3 6 0 0 4 35 54 9 1 0 45 3 6 88 152 55 12 38
 152 14 1 12 34 15 8 90 30 4 2 15 64 7 0 0 6 5 12 63
 81 4 1 5 31 8 11 19 83 37 9 42 142 1 0 1 14 7 5 80
 41 5 3 33 81 3 0 3
44.50 105.63 1.05 2.836
 8 0 0 0 103 48 1 3 109 96 0 0 102 42 0 0 117 74 0 0
 36 66 22 27 35 0 0 0 4 18 19 87 0 0 1 2 74 58 11 2
 92 56 0 0 125 116 1 6 125 102 0 0 7 6 5 22 19 2 1 8
 7 1 3 11 0 1 11 14 56 20 0 0 38 4 4 3 125 125 31 68
 125 9 0 0 5 15 16 125 11 0 0 14 27 3 1 6 10 9 17 27
 81 9 0 3 55 14 12 5 9 19 24 54 24 0 0 0 0 2 10 63
 3 0 0 33 65 3 0 1
44.50 105.63 1.05 -0.015
 29 2 0 1 0 0 1 96 2 2 10 57 5 0 0 3 5 12 44 76
 25 4 1 0 38 2 4 48 33 12 16 33 10 0 0 11 15 0 1 17
 12 9 25 157 127 0 0 0 157 59 55 94 17 4 4 6 59 2 0 0
 3 10 26 29 4 12 26 42 35 0 0 2 41 6 4 55 157 11 0 4
 157 16 2 11 45 6 1 19 63 12 5 0 0 1 7 9 95 49 39 90
 25 0 0 0 61 10 1 2 157 23 0 3 157 6 0 0 33 7 0 16
 32 18 10 8 3 0 0 1
38.12 78.62 0.91 2.740
 1 5 9 7 115 53 0 0 88 102 1 1 64 37 1 3 74 58 0 0
 0 0 6 29 25 19 0 0 18 16 0 2 14 48 27 29 76 46 0 0
 75 76 2 0 115 115 1 6 115 104 1 2 7 6 1 20 20 41 6 7
 8 2 0 1 66 103 11 35 77 13 0 0 80 54 0 0 84 115 22 40
 115 3 0 1 24 29 17 112 15 23 4 11 34 21 8 3 35 59 0 1
 89 53 0 0 100 115 0 0 7 22 13 18 36 11 0 0 3 11 14 49
 11 5 0 0 10 50 29 9
38.12 78.62 0.91 0.016
 16 21 2 4 44 7 2 8 29 28 16 47 3 0 0 9 7 19 34 49
 90 4 0 0 51 1 0 3 141 16 0 9 8 0 0 7 40 19 6 16
 24 9 16 141 81 0 1 12 141 56 33 79 85 2 0 2 59 1 0 2
 141 15 3 30 0 0 4 12 58 6 1 1 39 2 2 55 141 20 0 4
 141 6 0 13 76 16 2 18 28 0 0 1 86 33 24 98 2 2 21 51
 37 0 0 0 31 1 10 23 141 9 0 8 141 0 0 0 25 13 6 43
 17 0 0 0 4 17 21 41
38.08 154.89 1.10 -1.143
 11 12 7 11 59 66 4 3 131 6 6 15 24 8 1 71 62 0 0 10
 14 3 1 27 2 3 1 9 6 0 0 1 13 0 0 1 123 100 7 8
 131 4 0 1 33 29 14 101 53 1 0 2 9 92 72 37 1 1 0 1
 3 48 44 5 8 0 0 1 98 90 5 1 131 74 0 0 59 54 3 14
 124 40 0 0 4 56 39 9 0 0 0 0 7 95 55 0 0 0 0 2
 44 40 2 0 131 72 0 0 77 71 0 1 131 92 0 0 6 7 0 1
 1 1 0 5 29 22 2 0
34.14 75.05 0.92 0.589
 2 8 16 4 1 4 60 49 1 2 0 57 14 0 16 37 20 0 0 90
 39 0 8 104 9 0 0 51 83 9 12 117 82 40 51 25 11 0 3 60
 20 5 3 117 54 0 2 8 117 37 13 48 12 0 0 77 14 8 10 47
 74 13 8 28 59 2 2 53 39 1 0 108 9 1 10 59 61 12 32 40
 59 27 80 33 1 0 12 65 5 17 50 76 21 0 0 1 3 2 6 53
 19 1 1 9 1 0 57 117 38 2 8 11 63 37 117 117 4 0 1 65
 48 30 38 117 61 0 0 27
34.14 75.05 0.92 -3.106
 68 2 0 7 121 30 20 116 121 7 3 12 8 1 3 121 74 19 3 6
 24 0 0 3 19 0 0 10 121 34 12 34 31 0 0 1 33 39 69 121
 17 6 5 44 65 32 8 82 121 31 6 15 22 8 0 5 24 2 0 5
 94 56 42 48 59 9 1 0 2 4 13 36 26 4 0 3 84 113 28 22
 121 1 0 2 36 31 2 18 19 0 0 43 21 6 10 8 36 40 14 30
 11 0 0 8 59 50 5 37 121 8 3 4 121 4 1 22 59 2 0 5
 11 0 0 68 57 0 0 1
24.46 78.82 1.10 -0.300
 13 3 0 14 81 22 0 4 101 61 5 39 120 46 0 1 120 52 0 0
 27 60 15 29 42 0 0 1 10 9 6 30 7 5 6 7 72 33 0 1
 73 26 4 3 120 120 3 8 120 69 0 0 12 22 13 20 14 0 0 10
 31 6 10 10 50 18 1 8 89 18 2 4 83 17 1 3 120 120 17 30
 120 7 0 2 30 42 9 77 11 8 14 73 45 2 1 1 50 13 0 0
 52 31 0 2 109 25 0 0 43 76 10 9 36 2 0 5 30 47 17 24
 13 18 8 63 120 15 0 0
24.46 78.82 1.10 -2.957
 18 11 3 4 30 19 43 54 14 0 1 20 12 6 28 126 52 34 14 45
 13 0 1 12 48 11 1 37 67 6 2 8 21 5 4 5 1 0 12 54
 9 6 8 126 66 0 4 9 126 35 24 126 37 0 0 20 92 7 4 53
 71 0 1 31 15 18 20 63 13 0 0 3 52 16 9 126 126 0 0 6
 126 16 4 41 33 3 4 49 52 4 2 20 29 3 5 56 77 14 15 87
 35 0 0 9 79 5 1 65 126 6 7 62 126 1 0 9 11 2 4 99
 43 0 0 8 39 2 2 16
22.46 69.24 1.20 2.740
 20 23 0 3 83 15 0 0 27 51 7 17 91 17 2 7 105 35 2 2
 6 4 5 47 17 9 1 2 25 24 0 1 74 47 1 2 89 43 0 2
 81 82 16 50 139 66 1 4 139 120 6 8 12 3 0 20 11 9 4 3
 8 8 0 1 83 44 2 2 30 22 6 8 97 19 1 3 139 139 12 35
 139 13 2 15 46 41 9 85 13 41 15 20 28 0 0 1 88 58 0 2
 8 4 2 6 42 40 0 1 37 83 14 17 55 3 3 33 48 36 17 41
 17 34 4 24 41 3 0 0
22.46 69.24 1.20 -0.079
 10 0 0 0 52 26 5 22 27 7 9 50 25 3 15 70 68 49 20 39
 43 7 1 5 15 6 2 16 65 12 1 7 7 0 0 5 18 21 8 15
 46 17 9 144 144 4 3 24 144 84 15 79 67 4 0 8 18 5 6 14
 105 14 0 2 7 1 1 21 30 2 2 2 37 2 2 66 144 47 12 42
 144 14 1 12 61 15 9 103 60 6 2 28 110 14 2 13 10 1 5 45
 58 2 1 3 33 4 9 36 82 27 5 24 126 3 0 0 29 9 3 54
 77 2 0 3 85 19 2 13
19.84 114.86 0.88 -3.128
 1 0 0 0 13 11 1 0 10 0 0 1 66 16 0 4 80 0 0 1
 39 15 27 62 12 0 0 10 158 34 18 12 0 1 1 1 15 4 0 0
 28 1 0 9 97 8 0 1 158 2 0 3 89 3 0 20 30 2 0 18
 158 2 0 4 0 0 0 0 16 9 4 0 29 0 0 2 97 16 0 7
 158 2 0 7 99 4 0 22 33 14 2 56 158 0 0 1 0 0 0 0
 16 4 3 1 24 0 0 0 64 13 0 5 139 3 2 30 90 2 0 24
 31 11 2 92 158 4 4 17
17.62 83.27 0.94 -0.365
 2 0 0 8 116 50 0 1 94 60 1 6 101 78 0 6 103 81 4 0
 2 1 0 2 12 39 16 6 6 1 0 1 3 17 18 60 65 35 0 0
 55 30 5 2 116 116 0 8 116 54 0 0 9 15 4 21 24 6 0 0
 2 2 7 15 38 67 20 88 116 3 0 0 94 90 6 4 79 111 7 10
 116 2 0 0 17 43 12 68 19 0 1 2 11 12 3 9 34 22 1 13
 116 68 0 1 116 105 0 1 13 38 7 5 52 7 0 0 3 22 21 37
 9 0 0 10 34 7 0 3
17.62 83.27 0.94 -2.970
 21 2 0 1 1 4 5 8 18 1 3 40 4 0 1 10 18 25 25 72
 20 0 0 0 26 9 3 66 128 0 0 1 6 4 10 16 10 1 0 6
 9 7 17 128 47 0 0 0 128 26 22 109 57 0 0 17 56 3 0 64
 128 7 6 50 1 1 4 16 52 26 3 3 38 2 6 115 128 0 0 3
 128 2 3 30 58 10 7 37 19 0 0 7 78 32 55 127 1 0 0 28
 111 15 3 3 55 0 2 73 128 2 3 23 128 1 1 5 7 2 7 78
 23 1 0 0 1 6 26 50
16.54 74.84 0.95 3.082
 121 27 0 11 121 6 1 13 121 26 0 1 3 3 6 24 79 10 0 0
 50 9 2 3 25 0 0 0 121 67 13 60 102 3 0 1 121 47 24 121
 121 5 1 16 29 5 2 121 114 26 2 8 30 9 0 2 24 2 1 4
 73 64 31 48 51 4 0 0 17 27 47 121 25 0 0 3 30 74 39 64
 108 9 0 1 17 32 8 9 18 3 0 12 44 11 5 2 79 14 2 3
 1 0 3 26 56 32 2 2 69 33 14 16 63 6 0 2 75 21 1 0
 16 1 0 14 46 0 0 0
11.91 83.46 0.93 2.854
 0 1 7 17 68 12 0 0 62 62 0 16 126 24 0 0 104 80 0 1
 13 30 17 29 40 2 0 0 1 8 17 59 2 0 1 2 51 65 10 2
 43 35 0 8 126 82 0 2 126 112 0 3 14 7 1 15 55 31 5 5
 5 0 1 10 18 4 0 1 99 87 6 6 18 1 0 1 126 124 13 23
 126 7 0 0 19 32 14 118 39 15 8 45 60 0 0 10 37 17 0 1
 103 37 0 0 20 11 2 3 72 41 21 20 54 1 0 0 7 10 23 85
 11 3 1 29 126 11 0 4
11.91 83.46 0.93 0.005
 47 0 0 1 44 18 10 107 34 1 13 76 19 0 0 29 13 21 45 60
 29 3 0 3 122 1 0 4 26 5 1 42 12 0 0 14 37 26 12 46
 17 9 14 139 139 0 0 5 139 55 28 61 18 0 0 6 139 6 0 3
 17 0 0 11 0 1 10 39 64 6 0 0 33 2 4 47 139 19 1 8
 139 5 1 7 32 4 1 33 103 47 8 8 5 0 0 5 26 24 34 86
 23 1 0 0 41 10 5 3 139 25 1 13 139 0 0 0 23 5 3 46
 30 17 2 1 1 1 5 10
6.01 105.79 1.17 -0.414
 0 1 4 1 36 31 0 0 74 64 0 0 52 58 1 0 68 68 0 8
 9 1 0 2 23 9 0 7 8 0 0 3 11 51 31 43 66 33 0 0
 62 55 2 0 118 118 2 4 118 85 1 3 11 16 7 26 16 5 1 2
 5 9 7 9 66 107 15 77 118 3 0 0 111 106 1 0 90 118 6 16
 118 3 0 0 25 47 10 81 9 1 0 3 30 19 2 4 38 43 1 24
 118 39 0 1 118 118 0 0 11 31 8 6 54 12 0 0 8 22 17 26
 4 1 1 12 46 4 0 0
6.01 105.79 1.17 -3.019
 10 0 1 11 14 6 6 20 22 0 0 21 6 0 1 29 18 21 18 56
 33 0 0 2 11 9 3 73 134 0 0 0 11 6 4 12 11 2 2 2
 23 11 17 134 35 0 0 4 134 21 23 130 66 0 0 17 35 3 0 52
 134 3 2 41 1 1 3 19 22 1 5 19 36 3 4 92 134 2 1 10
 134 3 3 33 87 9 2 43 21 0 0 18 134 27 30 134 2 0 1 7
 22 0 2 8 44 2 0 40 134 0 0 7 134 1 0 3 18 13 5 45
 7 0 0 0 10 17 22 48
