DSC_8842,37.872342,-122.268506	1.0000
DSC_8843,37.872342,-122.268506	1.0000
DSC_8845,37.872505,-122.268501	1.0000
DSC_8846,37.872505,-122.268501	1.0000
DSC_8847,37.872505,-122.268501	0.0000
DSC_8848,37.872682,-122.268556	1.0000
DSC_8849,37.872682,-122.268556	0.0000
DSC_8851,37.872682,-122.268556	0.0000
DSC_8852,37.872912,-122.268542	1.0000
DSC_8853,37.872912,-122.268542	0.0000
DSC_8854,37.872958,-122.268791	1.0000
DSC_8855,37.872882,-122.268987	1.0000
DSC_8856,37.872882,-122.268987	1.0000
DSC_8857,37.872832,-122.269273	1.0000
DSC_8858,37.872778,-122.269564	1.0000
DSC_8859,37.872778,-122.269564	0.0000
DSC_8860,37.872761,-122.269789	0.0000
DSC_8861,37.872761,-122.269789	0.0000
DSC_8862,37.872730,-122.269941	1.0000
DSC_8863,37.872730,-122.269941	0.8025
DSC_8864,37.872704,-122.270246	0.9960
DSC_8865,37.872719,-122.270404	0.0000
DSC_8866,37.872635,-122.270719	1.0000
DSC_8867,37.872629,-122.271032	1.0000
DSC_8868,37.872629,-122.271032	1.0000
DSC_8869,37.872600,-122.271316	1.0000
DSC_8870,37.872600,-122.271316	1.0000
DSC_8871,37.872600,-122.271316	1.0000
DSC_8872,37.872565,-122.271541	1.0000
DSC_8874,37.872479,-122.271866	1.0000
DSC_8875,37.872478,-122.272172	1.0000
DSC_8876,37.872478,-122.272172	0.0000
DSC_8877,37.872463,-122.272385	0.0000
DSC_8878,37.872436,-122.272609	1.0000
DSC_8879,37.872413,-122.272761	1.0000
DSC_8880,37.872413,-122.272761	0.7739
DSC_8881,37.872437,-122.272943	1.0000
DSC_8882,37.872437,-122.272943	1.0000
DSC_8883,37.872297,-122.273240	0.0000
DSC_8884,37.872159,-122.273188	0.0000
DSC_8885,37.872159,-122.273188	0.0000
DSC_8886,37.872159,-122.273188	1.0000
DSC_8888,37.871909,-122.272885	1.0000
DSC_8889,37.871909,-122.272885	1.0000
DSC_8890,37.871752,-122.273089	1.0000
DSC_8891,37.871752,-122.273089	0.0000
DSC_8892,37.871340,-122.273075	0.0000
DSC_8893,37.871340,-122.273075	1.0000
DSC_8894,37.871166,-122.273079	0.0000
DSC_8895,37.871166,-122.273079	1.0000
DSC_8896,37.871166,-122.273079	1.0000
DSC_8897,37.870961,-122.273021	1.0000
DSC_8898,37.870961,-122.273021	1.0000
DSC_8899,37.870778,-122.273020	1.0000
DSC_8900,37.870588,-122.273018	1.0000
DSC_8901,37.870447,-122.272977	1.0000
DSC_8902,37.870253,-122.272954	1.0000
DSC_8904,37.869026,-122.272584	1.0000
DSC_8905,37.869290,-122.272571	1.0000
DSC_8906,37.869546,-122.272715	1.0000
DSC_8913,37.872515,-122.272874	0.0000
DSC_8914,37.872573,-122.272397	0.7446
DSC_8915,37.872573,-122.272397	1.0000
DSC_8916,37.872600,-122.272210	1.0000
DSC_8917,37.872607,-122.272071	1.0000
DSC_8919,37.872599,-122.271872	1.0000
DSC_8920,37.872546,-122.271829	0.7708
DSC_8921,37.872783,-122.270636	1.0000
DSC_8922,37.872823,-122.270393	1.0000
DSC_8923,37.872823,-122.270393	0.0000
DSC_8924,37.872855,-122.270056	1.0000
DSC_8925,37.872966,-122.269202	1.0000
DSC_8926,37.873009,-122.269010	1.0000
DSC_8927,37.873174,-122.268253	1.0000
DSC_8928,37.873199,-122.268079	1.0000
DSC_8929,37.873225,-122.267880	1.0000
DSC_8930,37.873225,-122.267880	1.0000
DSC_8931,37.873220,-122.267680	1.0000
DSC_8932,37.873219,-122.267432	1.0000
DSC_8933,37.873219,-122.267432	1.0000
DSC_8934,37.873298,-122.267257	1.0000
DSC_8935,37.873064,-122.266999	0.0000
DSC_8936,37.873064,-122.266999	1.0000
DSC_8937,37.872930,-122.266933	1.0000
