2011-04-04_14-56-08_926 	2.59991073487 	11 	0 	0
2011-04-04_14-57-13_794 	12.1235153867 	93 	48 	1
2011-04-04_14-59-02_019 	41.0344228907 	92 	89 	25
2011-04-04_14-58-32_697 	298.191597507 	110 	110 	107
2011-04-04_15-00-44_995 	6.60506706999 	67 	13 	0
2011-04-04_15-02-39_082 	7.75156315097 	33 	4 	0
2011-04-04_15-02-57_966 	12.8797353818 	76 	23 	3
2011-04-04_15-03-46_747 	1233.03341455 	63 	63 	63
2011-04-04_15-05-15_984 	1.21772417268 	27 	0 	0
2011-04-04_15-06-37_147 	70.4531783113 	29 	29 	21
2011-04-04_15-04-17_725 	244.121139696 	164 	164 	142
2011-04-04_15-06-48_388 	23.1996063425 	27 	19 	3
2011-04-04_15-06-58_888 	13.6285396226 	63 	31 	0
2011-04-04_15-09-15_376 	15.9389638579 	69 	32 	5
2011-04-04_15-09-38_802 	3.87648625364 	194 	11 	1
2011-04-04_15-09-59_560 	23.059716053 	65 	52 	3
2011-04-04_14-59-18_984 	2324.45875264 	391 	391 	391
2011-04-04_15-10-56_749 	15.5253445666 	77 	42 	2
2011-04-04_15-14-40_829 	14.7043509551 	64 	34 	2
2011-04-04_15-12-44_816 	16.0643997355 	131 	84 	2
2011-04-04_15-15-55_363 	164.461327798 	49 	49 	49
2011-04-04_15-16-08_110 	16.4944853869 	81 	40 	0
2011-04-04_15-14-52_996 	57.3654798615 	21 	20 	9
2011-04-04_15-15-08_854 	26.0631977304 	26 	23 	3
2011-04-04_15-19-11_784 	83.5274719566 	12 	12 	8
2011-04-04_15-19-41_314 	32.1890171125 	42 	41 	3
2011-04-04_15-16-24_729 	858.015435937 	127 	127 	127
2011-04-04_15-19-27_080 	474.60419379 	97 	97 	96
2011-04-04_15-17-59_975 	543.666668995 	203 	203 	197
2011-04-04_15-18-13_134 	1136.00438355 	121 	121 	121
2011-04-04_15-21-18_677 	6.1380270156 	13 	4 	0
2011-04-04_15-22-22_387 	10.5604883942 	24 	12 	0
2011-04-04_15-21-49_787 	9.98298798338 	37 	10 	0
2011-04-04_15-23-41_373 	74.2095770537 	16 	16 	11
2011-04-04_15-25-15_579 	7.88895571936 	96 	22 	0
2011-04-04_15-26-29_139 	16.2836822236 	102 	81 	0
2011-04-04_15-25-39_871 	26.7846590029 	21 	20 	2
2011-04-04_15-24-03_673 	128.202633335 	68 	68 	51
2011-04-04_15-26-15_957 	6.47216383217 	28 	5 	0
2011-04-04_15-27-17_998 	2.22712523595 	44 	0 	0
2011-04-04_15-25-29_945 	88.9209776625 	65 	65 	57
2011-04-04_15-28-22_731 	19.5965278095 	42 	34 	2
2011-04-04_15-29-47_397 	15.593222282 	38 	24 	1
2011-04-04_15-30-57_504 	3.5942068484 	16 	1 	0
2011-04-04_15-31-05_075 	3.21182552994 	64 	4 	0
2011-04-04_15-32-38_262 	9.89960846317 	240 	94 	0
2011-04-04_15-32-28_500 	11.1406048177 	62 	13 	3
2011-04-04_15-31-17_618 	7.092195664 	55 	8 	0
2011-04-04_15-33-46_071 	7.46133262181 	136 	21 	2
2011-04-04_15-36-56_430 	2.83503914146 	25 	0 	0
2011-04-04_15-36-35_437 	2.25510225759 	55 	1 	0
2011-04-04_15-37-57_238 	7.43101431058 	74 	18 	0
2011-04-04_15-35-25_423 	8.77674280884 	42 	11 	1
2011-04-04_15-39-13_411 	2.84321027415 	46 	1 	0
2011-04-04_15-38-53_222 	5.14400408837 	26 	4 	0
2011-04-04_15-40-49_041 	11.7731693972 	45 	11 	1
2011-04-04_15-41-06_190 	17.1890875364 	30 	28 	0
2011-04-04_15-41-14_908 	8.54451609361 	99 	21 	2
2011-04-04_15-34-01_368 	1177.88882887 	82 	82 	82
2011-04-04_15-41-59_491 	40.2774236449 	65 	65 	17
2011-04-04_15-42-43_581 	14.8104176745 	93 	77 	0
2011-04-04_15-42-12_652 	14.7393730098 	95 	36 	1
2011-04-04_15-42-54_643 	16.7557308251 	52 	43 	0
2011-04-04_15-43-17_527 	12.0874709992 	44 	26 	0
2011-04-04_15-44-07_263 	12.9500944479 	51 	35 	1
2011-04-04_15-45-22_702 	7.16671366076 	77 	13 	0
2011-04-04_15-44-57_398 	13.258955431 	25 	17 	0
2011-04-04_15-45-56_207 	3.78863381399 	74 	3 	0
2011-04-04_15-44-25_954 	345.297722815 	75 	72 	69
2011-04-04_15-48-20_408 	4.35371932837 	70 	4 	0
2011-04-04_15-46-55_124 	250.866770275 	70 	70 	69
2011-04-05_12-22-32_580 	10.542492839 	46 	16 	0
2011-04-04_15-50-32_242 	14.6427932398 	44 	14 	2
2011-04-04_15-47-38_651 	2199.76075016 	149 	149 	149
2011-04-04_15-49-49_826 	100.406738248 	39 	39 	22
2011-04-05_12-21-23_204 	26.416597243 	118 	107 	12
2011-04-05_12-25-16_732 	10.925508425 	104 	42 	1
2011-04-05_12-23-52_682 	21.4317831001 	354 	314 	2
2011-04-05_12-26-25_665 	28.8610117102 	62 	49 	12
2011-04-05_12-26-42_402 	11.0257123598 	192 	62 	2
2011-04-05_12-24-48_713 	257.55483427 	187 	187 	179
2011-04-05_12-26-05_633 	102.291549485 	189 	180 	105
