2011-10-28_11-51-29_558	205	121	83	1.34020293438
2011-10-28_11-51-29_558	205	204	0	2.77283920864
2011-10-28_11-54-24_330	296	214	81	6.19697232261
2011-10-28_11-54-24_330	296	291	4	2.91949514097
2011-10-28_11-55-43_140	296	298	3	1.05266372495
2011-10-28_11-56-53_831	296	308	13	0.680706484939
2011-10-28_11-56-53_831	296	288	7	17.1962624872
2011-10-28_11-56-57_871	206	286	81	2.33848206382
2011-10-28_11-56-05_366	296	296	1	0.478653439486
2011-10-28_11-57-59_152	295	301	7	1.02055540374
2011-10-28_11-57-59_152	295	293	1	0.996650093961
2011-10-28_11-58-04_254	295	293	1	3.94250298659
2011-10-28_11-58-56_285	295	309	15	20.4876667556
2011-10-28_11-59-08_593	206	37	168	3.62706284427
2011-10-28_11-59-08_593	206	113	92	12.954100869
2011-10-28_11-59-28_617	26	66	41	39.9649274978
2011-10-28_11-59-28_617	26	83	58	26.3941584868
2011-10-28_11-59-45_537	26	45	20	4.69205040321
2011-10-28_11-59-49_280	295	3	69	11.5580679405
2011-10-28_11-59-49_280	295	294	0	1.2816913432
2011-10-28_11-59-49_280	295	272	22	2.04936909363
2011-10-28_12-01-26_932	293	297	5	1.13060200038
2011-10-28_12-01-26_932	293	21	89	4.22309418069
2011-10-28_11-59-53_593	292	296	5	0.707340093314
2011-10-28_12-01-32_351	293	294	2	1.82377540907
2011-10-28_12-01-32_351	293	288	4	15.4269154699
2011-10-28_12-01-35_821	293	25	93	4.22647451264
2011-10-28_12-01-35_821	293	298	6	1.35755310065
2011-10-28_12-01-35_821	293	291	1	18.8292704772
2011-10-28_12-02-23_300	293	317	25	5.95777065133
2011-10-28_12-02-19_030	206	192	13	8.21334230905
2011-10-28_12-02-40_191	293	297	5	1.13060200038
2011-10-28_12-02-40_191	293	21	89	4.22309418069
2011-10-28_12-03-46_648	253	256	4	3.76905828491
2011-10-28_12-02-49_702	26	32	7	8.48146065525
2011-10-28_12-04-00_240	253	256	4	5.14284625031
2011-10-28_12-03-52_668	26	31	6	2.30030643517
2011-10-28_12-04-45_499	77	70	6	7.06406843755
2011-10-28_12-04-51_955	26	25	0	1.93108422217
2011-10-28_12-04-57_265	77	31	45	1.93149185568
2011-10-28_12-07-45_203	281	281	1	1.81006529623
2011-10-28_12-07-50_761	281	281	1	1.81006529623
2011-10-28_12-07-57_819	281	279	1	2.13309131164
2011-10-28_12-07-57_819	281	247	33	0.719184046376
2011-10-28_12-08-35_115	207	283	77	5.01817161431
2011-10-28_12-08-35_115	207	144	62	27.9746879539
2011-10-28_12-08-35_115	207	204	2	0.513746276398
2011-10-28_12-08-27_399	281	279	1	0.447203641685
2011-10-28_12-09-35_578	101	11	89	1.17423471881
2011-10-28_12-09-35_578	101	101	1	0.458444090547
2011-10-28_12-09-39_829	101	11	89	1.17423471881
2011-10-28_12-09-39_829	101	101	1	0.458444090547
2011-10-28_12-10-11_212	101	80	20	2.73370207376
2011-10-28_12-10-11_212	101	101	1	6.16622774296
2011-10-28_12-09-45_828	27	9	17	2.28184168497
2011-10-28_12-09-45_828	27	43	17	20.2820075861
2011-10-28_12-11-42_811	104	12	91	3.07651451668
2011-10-28_12-11-42_811	104	108	5	5.55173534057
2011-10-28_12-10-18_704	101	107	7	18.167094474
2011-10-28_12-10-18_704	101	104	4	1.39730837261
2011-10-28_12-12-20_282	191	226	36	6.43686218419
2011-10-28_12-12-29_132	208	279	72	14.8652092416
2011-10-28_12-12-24_777	104	95	8	1.6485905142
2011-10-28_12-13-23_679	280	280	1	9.13412446879
2011-10-28_12-13-41_589	280	280	1	0.582945200914
2011-10-28_12-13-41_589	280	357	78	24.1386135239
2011-10-28_12-15-56_735	192	191	0	6.74036887887
2011-10-28_12-16-01_081	192	174	17	17.2716173904
2011-10-28_12-16-38_968	27	280	106	0.582945200914
2011-10-28_12-16-38_968	27	357	29	24.1386135239
2011-10-28_12-16-44_208	281	204	76	21.5970814598
2011-10-28_12-21-41_215	118	114	3	0.85764350262
2011-10-28_12-21-44_651	118	114	3	0.85764350262
2011-10-28_12-21-34_248	118	121	4	1.17633367788
2011-10-28_12-21-34_248	118	116	1	9.25797307853
2011-10-28_12-23-24_368	193	291	99	21.9588782696
2011-10-28_12-26-08_916	102	191	90	0.94916471972
2011-10-28_12-26-08_916	102	144	43	2.52584899876
2011-10-28_12-24-11_858	193	191	1	2.4308463119
2011-10-28_12-33-46_609	17	235	141	31.0389382611
2011-10-28_12-33-46_609	17	298	78	13.5197223554
2011-10-28_12-32-21_902	98	76	21	3.26938111442
2011-10-28_12-32-21_902	98	98	1	0.253170584999
2011-10-28_12-33-59_264	27	44	18	12.9299324692
2011-10-28_12-34-04_096	118	172	55	8.41771336901
2011-10-28_12-34-04_096	118	87	30	6.82009027395
2011-10-28_12-37-20_476	294	299	6	48.1620193967
2011-10-28_12-37-20_476	294	293	0	2.76904312194
2011-10-28_12-37-28_240	294	285	8	11.0163479923
2011-10-28_12-37-28_240	294	296	3	3.6055538611
2011-10-28_12-38-44_917	294	296	3	10.4405998032
2011-10-28_12-39-00_773	294	295	2	9.0738798978
2011-10-28_12-39-00_773	294	348	55	26.8662410977
2011-10-28_12-39-15_558	207	205	1	4.88009154222
2011-10-28_12-39-15_558	207	208	2	0.483023255242
2011-10-28_12-39-58_747	117	114	2	2.98400267719
2011-10-28_12-39-58_747	117	113	3	9.74488893474
2011-10-28_12-40-05_400	117	120	4	2.29983457207
2011-10-28_12-40-28_231	117	115	1	0.488119172973
2011-10-28_12-40-32_561	117	89	27	11.3477484529
2011-10-28_12-40-32_561	117	118	2	1.02533823593
2011-10-28_12-41-56_413	117	197	81	1.90844940692
2011-10-28_12-41-56_413	117	102	14	5.45433516772
2011-10-28_12-44-10_583	102	90	11	7.02394731647
2011-10-28_12-45-09_775	26	230	155	3.95892364336
2011-10-28_12-45-09_775	26	297	88	0.499239735756
2011-10-28_12-46-50_105	296	266	29	16.358324969
2011-10-28_12-46-50_105	296	247	48	3.03824454706
2011-10-28_12-46-50_105	296	294	1	0.338345329278
2011-10-28_12-46-56_127	296	296	1	1.74165208956
2011-10-28_12-46-59_923	26	119	94	15.2518660842
2011-10-28_12-46-59_923	26	31	6	5.7016823293
2011-10-28_12-47-26_800	296	303	8	3.5578685874
2011-10-28_12-47-58_132	116	202	87	13.802482861
2011-10-28_12-47-58_132	116	112	3	6.79711938003
2011-10-28_12-48-02_212	116	116	1	3.65476708724
2011-10-28_12-48-05_445	116	119	4	16.9364795907
2011-10-28_12-48-05_445	116	118	3	1.39263847796
2011-10-28_12-49-09_585	116	114	1	0.956087972272
2011-10-28_12-50-25_977	206	201	4	4.65488651124
2011-10-28_12-50-25_977	206	114	91	3.09630013876
2011-10-28_12-49-12_604	116	29	86	4.21375076912
2011-10-28_12-49-12_604	116	114	1	0.519634560279
2011-10-28_12-49-12_604	116	151	36	10.3141812462
2011-10-28_12-50-28_916	116	107	8	4.09665827549
2011-10-28_12-50-32_083	116	112	3	0.591584290657
2011-10-28_12-50-32_083	116	7	108	14.0895036543
2011-10-28_12-51-19_399	116	181	66	18.8375832046
2011-10-28_12-51-19_399	116	202	87	0.7407243187
2011-10-28_12-51-22_410	116	126	11	18.7533064163
2011-10-28_12-51-22_410	116	126	11	2.56329352128
2011-10-28_12-51-25_790	26	96	71	17.6053857001
2011-10-28_12-51-25_790	26	119	94	3.74465335267
2011-10-28_12-52-45_869	116	117	2	4.87698135248
2011-10-28_12-52-49_315	116	111	4	2.77690252087
2011-10-28_12-52-49_315	116	64	51	3.77609574899
2011-10-28_12-52-56_242	26	288	97	8.2245817793
2011-10-28_12-52-56_242	26	27	2	2.96441305907
2011-10-28_12-53-00_074	26	288	97	8.2245817793
2011-10-28_12-53-00_074	26	27	2	2.96441305907
2011-10-28_12-54-13_272	206	206	1	0.588739180498
2011-10-28_12-54-17_137	206	206	1	0.29205893266
2011-10-28_12-55-35_992	163	142	20	13.6655192917
2011-10-28_12-55-35_992	163	105	57	59.0512027621
2011-10-28_12-56-32_511	71	70	0	7.72872516406
2011-10-28_12-56-32_511	71	116	46	11.5459489035
2011-10-28_12-56-42_448	340	355	16	7.34056190737
2011-10-28_13-00-12_019	121	105	15	8.82036416242
2011-10-28_12-57-47_909	25	28	4	0.623997013946
2011-10-28_13-00-06_948	122	296	175	0.807657476626
2011-10-28_13-00-06_948	122	34	87	3.42240695037
2011-10-28_13-00-06_948	122	119	2	3.46314058531
2011-10-28_13-00-01_614	25	24	0	0.681320653786
2011-10-28_13-00-41_047	25	296	88	0.807657476626
2011-10-28_13-00-41_047	25	34	10	3.42240695037
2011-10-28_13-00-41_047	25	119	95	3.46314058531
