2011-10-28_11-51-29_558	0.0174887730005	0.0526315789474	48.40625
2011-10-28_11-54-24_330	0.0146092121628	0.217537942664	49.20312
2011-10-28_11-51-29_558	0.0171936506051	0.0598086124402	43.40625
2011-10-28_11-56-53_831	0.0153281768331	0.226890756303	57.1875
2011-10-28_11-56-57_871	0.0162048661748	0.237430167598	53.65625
2011-10-28_11-55-43_140	0.0206553496589	0.078187250996	36.79687
2011-10-28_11-51-29_558	0.0168383820296	0.0622009569378	38.40625
2011-10-28_11-54-24_330	0.01341247909	0.221753794266	44.20312
2011-10-28_11-56-53_831	0.0152093761268	0.258823529412	52.1875
2011-10-28_11-56-05_366	0.0161018349707	0.0968218773097	47.3125
2011-10-28_11-51-29_558	0.0164285260212	0.061004784689	33.40625
2011-10-28_11-56-57_871	0.0170592027374	0.276536312849	48.65625
2011-10-28_11-57-59_152	0.0140697447533	0.200620475698	38.3125
2011-10-28_11-56-53_831	0.014184038269	0.257142857143	47.1875
2011-10-28_11-51-29_558	0.017873581344	0.049043062201	28.40625
2011-10-28_11-54-24_330	0.0134019981168	0.223440134907	39.20312
2011-10-28_11-56-57_871	0.0157904375946	0.276536312849	43.65625
2011-10-28_11-55-43_140	0.0162203340638	0.129482071713	31.79687
2011-10-28_11-57-59_152	0.0132521124653	0.207859358842	33.3125
2011-10-28_11-56-53_831	0.0122920665156	0.310924369748	42.1875
2011-10-28_11-58-04_254	0.0162961625758	0.107966457023	31.65625
2011-10-28_11-56-05_366	0.018231902611	0.142645971914	42.3125
2011-10-28_11-51-29_558	0.0177604884332	0.0538277511962	23.40625
2011-10-28_11-56-57_871	0.0151952182249	0.283519553073	38.65625
2011-10-28_11-56-53_831	0.0122300499757	0.314285714286	37.1875
2011-10-28_11-57-59_152	0.0121723154878	0.213029989659	28.3125
2011-10-28_11-58-04_254	0.0175484263764	0.109014675052	26.65625
2011-10-28_11-54-24_330	0.0117588248094	0.232715008432	34.20312
2011-10-28_11-51-29_558	0.0163804808722	0.0586124401914	18.40625
2011-10-28_11-56-53_831	0.0130894607684	0.319327731092	32.1875
2011-10-28_11-55-43_140	0.0175517335044	0.154880478088	26.79687
2011-10-28_11-56-05_366	0.0150602873182	0.161862527716	37.3125
2011-10-28_11-56-57_871	0.0148859473672	0.29748603352	33.65625
2011-10-28_11-57-59_152	0.0127913883708	0.232678386763	23.3125
2011-10-28_11-58-04_254	0.0164022514994	0.114255765199	21.65625
2011-10-28_11-51-29_558	0.0177843662838	0.0705741626794	13.40625
2011-10-28_11-54-24_330	0.0129606622402	0.257166947723	29.20312
2011-10-28_11-56-53_831	0.0157543385858	0.339495798319	27.1875
2011-10-28_11-56-57_871	0.0143282166249	0.305865921788	28.65625
2011-10-28_11-51-29_558	0.0191506887119	0.0849282296651	8.40625
2011-10-28_11-57-59_152	0.0119511529218	0.24095139607	18.3125
2011-10-28_11-58-04_254	0.0163048657858	0.137316561845	16.65625
2011-10-28_11-56-53_831	0.0160277188237	0.359663865546	22.1875
2011-10-28_11-56-05_366	0.0141425548505	0.164079822616	32.3125
2011-10-28_11-54-24_330	0.0115221054907	0.256323777403	24.20312
2011-10-28_11-55-43_140	0.0167308234233	0.165836653386	21.79687
2011-10-28_11-51-29_558	0.0103991187155	0.0825358851675	3.40625
2011-10-28_11-56-57_871	0.0138758995047	0.317039106145	23.65625
2011-10-28_11-56-53_831	0.0150431309741	0.363025210084	17.1875
2011-10-28_11-58-04_254	0.0180705446449	0.183438155136	11.65625
2011-10-28_11-57-59_152	0.0110674014715	0.248190279214	13.3125
2011-10-28_11-56-05_366	0.0166782154623	0.177383592018	27.3125
2011-10-28_11-51-29_558	0.0107184404947	0.0801435406699	1.59375
2011-10-28_11-54-24_330	0.010409967499	0.255480607083	19.20312
2011-10-28_11-56-57_871	0.0131075848067	0.321229050279	18.65625
2011-10-28_11-56-53_831	0.0142697315851	0.378151260504	12.1875
2011-10-28_11-58-04_254	0.0173662867731	0.204402515723	6.65625
2011-10-28_11-57-59_152	0.0123205561276	0.278179937952	8.3125
2011-10-28_11-55-43_140	0.0164322626865	0.181274900398	16.79687
2011-10-28_11-51-29_558	0.0144815208567	0.0562200956938	6.59375
2011-10-28_11-56-57_871	0.0137115966113	0.332402234637	13.65625
2011-10-28_11-56-05_366	0.015719676975	0.189209164819	22.3125
2011-10-28_11-56-53_831	0.0146821673467	0.405042016807	7.1875
2011-10-28_11-54-24_330	0.0110423488529	0.262225969646	14.20312
2011-10-28_11-58-04_254	0.0165236406371	0.236897274633	1.65625
2011-10-28_11-57-59_152	0.00941039735627	0.28645294726	3.3125
2011-10-28_11-56-57_871	0.0146403660033	0.346368715084	8.65625
2011-10-28_11-56-53_831	0.0162231259605	0.463865546218	2.1875
2011-10-28_11-56-05_366	0.0162152708309	0.214338507021	17.3125
2011-10-28_11-54-24_330	0.0107835696164	0.268128161889	9.20312
2011-10-28_11-58-04_254	0.0144598125928	0.261006289308	3.34375
2011-10-28_11-55-43_140	0.0153959477999	0.18874501992	11.79687
2011-10-28_11-57-59_152	0.00794578974297	0.28645294726	1.6875
2011-10-28_11-56-57_871	0.0131150851539	0.328212290503	3.65625
2011-10-28_11-56-05_366	0.0159849609358	0.252032520325	12.3125
2011-10-28_11-58-04_254	0.0137167619189	0.287211740042	8.34375
2011-10-28_11-54-24_330	0.0101048321237	0.27065767285	4.20312
2011-10-28_11-56-57_871	0.0125754442441	0.307262569832	1.34375
2011-10-28_11-57-59_152	0.00923865144739	0.284384694933	6.6875
2011-10-28_11-58-56_285	0.0145096982951	0.0821256038647	58.84375
2011-10-28_11-55-43_140	0.0153423839823	0.209163346614	6.79687
2011-10-28_11-59-08_593	0.0203176984309	0.0459627329193	48.875
2011-10-28_11-58-04_254	0.0132272014373	0.294549266247	13.34375
2011-10-28_11-56-05_366	0.0131277333216	0.254988913525	7.3125
2011-10-28_11-54-24_330	0.0106456779628	0.272344013491	0.79688
2011-10-28_11-57-59_152	0.0113522620015	0.271975180972	11.6875
2011-10-28_11-59-08_593	0.020847722659	0.0571428571429	43.875
2011-10-28_11-58-56_285	0.0174919633972	0.106280193237	53.84375
2011-10-28_11-57-59_152	0.0117085448338	0.250258531541	16.6875
2011-10-28_11-58-04_254	0.0125921226056	0.295597484277	18.34375
2011-10-28_11-56-05_366	0.011923408755	0.260901699926	2.3125
2011-10-28_11-54-24_330	0.0120027269088	0.268971332209	5.79688
2011-10-28_11-59-28_617	0.0159675754317	0.196671709531	45.14062
2011-10-28_11-55-43_140	0.0150884500219	0.251992031873	1.79687
2011-10-28_11-59-08_593	0.0150410294964	0.116770186335	38.875
2011-10-28_11-59-28_617	0.0145726667387	0.18154311649	40.14062
2011-10-28_11-58-04_254	0.0116418172183	0.295597484277	23.34375
2011-10-28_11-56-05_366	0.0115835518751	0.257945306726	2.6875
2011-10-28_11-58-56_285	0.0154030552726	0.12077294686	48.84375
2011-10-28_11-59-08_593	0.0148425484651	0.127950310559	33.875
2011-10-28_11-59-45_537	0.0124152667509	0.0584415584416	32.79687
2011-10-28_11-59-28_617	0.017160386395	0.201210287443	35.14062
2011-10-28_11-59-45_537	0.0159261060287	0.0616883116883	27.79687
2011-10-28_11-55-43_140	0.0123451582592	0.270916334661	3.20313
2011-10-28_11-59-08_593	0.00922326901454	0.136645962733	28.875
2011-10-28_11-59-28_617	0.0157270274039	0.183055975794	30.14062
2011-10-28_11-56-05_366	0.0129492655834	0.253510716925	7.6875
2011-10-28_11-59-45_537	0.0139001908838	0.0551948051948	22.79687
2011-10-28_11-58-56_285	0.0170372511294	0.136876006441	43.84375
2011-10-28_11-59-49_280	0.014752562806	0.0725	38.25
2011-10-28_11-59-45_537	0.0182771023326	0.0616883116883	17.79687
2011-10-28_11-59-28_617	0.0163701155723	0.202723146747	25.14062
2011-10-28_11-59-08_593	0.00737477709125	0.139130434783	23.875
2011-10-28_11-59-45_537	0.0150790367368	0.0649350649351	12.79687
2011-10-28_11-59-49_280	0.0160882170745	0.09125	33.25
2011-10-28_11-55-43_140	0.0107659730232	0.271912350598	8.20313
2011-10-28_11-59-28_617	0.0142093652578	0.189107413011	20.14062
2011-10-28_11-58-56_285	0.01751471109	0.165056360709	38.84375
2011-10-28_11-59-45_537	0.0212882961371	0.0714285714286	7.79687
2011-10-28_11-59-08_593	0.0188421734101	0.140372670807	18.875
2011-10-28_11-59-49_280	0.0131972929943	0.07875	28.25
2011-10-28_11-59-45_537	0.0140702375335	0.0649350649351	2.79687
2011-10-28_11-59-53_593	0.0202750923552	0.136416184971	36.3125
2011-10-28_12-01-26_932	0.0130139120906	0.0676982591876	64.42187
2011-10-28_11-59-28_617	0.0128682662	0.178517397882	15.14062
2011-10-28_11-59-45_537	0.0135131372848	0.0584415584416	2.20313
2011-10-28_11-59-08_593	0.0114844830166	0.168944099379	13.875
2011-10-28_11-58-56_285	0.0156437447682	0.182769726248	33.84375
2011-10-28_11-59-49_280	0.0124339405798	0.0775	23.25
2011-10-28_12-01-26_932	0.0147466247479	0.0657640232108	59.42187
2011-10-28_11-59-53_593	0.0185432151444	0.101734104046	31.3125
2011-10-28_11-59-45_537	0.0105871896967	0.0519480519481	7.20313
2011-10-28_11-59-28_617	0.0131574216966	0.18154311649	10.14062
2011-10-28_11-55-43_140	0.0118599090472	0.272410358566	13.20313
2011-10-28_11-59-08_593	0.0109409295395	0.173913043478	8.875
2011-10-28_11-59-45_537	0.0198863713739	0.0584415584416	12.20313
2011-10-28_12-01-26_932	0.0145637953773	0.0676982591876	54.42187
2011-10-28_11-59-49_280	0.0130117679969	0.08875	18.25
2011-10-28_11-59-28_617	0.0171042786006	0.208774583964	5.14062
2011-10-28_11-59-53_593	0.0187571246715	0.121387283237	26.3125
2011-10-28_11-59-45_537	0.0152339618052	0.0649350649351	17.20313
2011-10-28_11-58-56_285	0.0165189294271	0.202093397746	28.84375
2011-10-28_12-01-26_932	0.0160343800076	0.0657640232108	49.42187
2011-10-28_11-59-08_593	0.0109505569542	0.176397515528	3.875
2011-10-28_11-59-45_537	0.0127239481651	0.0519480519481	22.20313
2011-10-28_11-59-49_280	0.0136560538792	0.085	13.25
2011-10-28_11-59-28_617	0.0156472477202	0.196671709531	0.14062
2011-10-28_11-59-53_593	0.01909730445	0.119075144509	21.3125
2011-10-28_12-01-26_932	0.0140732551788	0.0618955512573	44.42187
2011-10-28_11-59-08_593	0.0106721945918	0.171428571429	1.125
2011-10-28_11-55-43_140	0.0146973044318	0.266434262948	18.20313
2011-10-28_11-59-49_280	0.0168852554521	0.095	8.25
2011-10-28_11-59-28_617	0.0143486279801	0.196671709531	4.85938
2011-10-28_11-58-56_285	0.014302045162	0.200483091787	23.84375
2011-10-28_12-01-26_932	0.013968209213	0.0696324951644	39.42187
2011-10-28_11-59-53_593	0.0184873109616	0.119075144509	16.3125
2011-10-28_11-59-08_593	0.0102720264053	0.151552795031	6.125
2011-10-28_11-59-28_617	0.0134917385904	0.196671709531	9.85938
2011-10-28_11-59-49_280	0.015114459944	0.07875	3.25
2011-10-28_12-01-26_932	0.015299454687	0.0657640232108	34.42187
2011-10-28_11-59-53_593	0.0188339760158	0.121387283237	11.3125
2011-10-28_12-01-32_351	0.0160835454576	0.121761658031	68.1875
2011-10-28_11-58-56_285	0.0156833863454	0.195652173913	18.84375
2011-10-28_12-01-26_932	0.0149962051947	0.0618955512573	29.42187
2011-10-28_11-59-49_280	0.0138151048695	0.08	1.75
2011-10-28_12-01-32_351	0.0159873427965	0.116580310881	63.1875
2011-10-28_11-59-53_593	0.0192775591959	0.0832369942197	6.3125
2011-10-28_12-01-35_821	0.0161730122234	0.0820895522388	71.0
2011-10-28_12-01-26_932	0.0125198725731	0.0580270793037	24.42187
2011-10-28_12-01-32_351	0.014940035257	0.126943005181	58.1875
2011-10-28_11-59-49_280	0.0162966174626	0.08	6.75
2011-10-28_11-58-56_285	0.0152820626702	0.243961352657	13.84375
2011-10-28_11-59-53_593	0.0196054129629	0.0867052023121	1.3125
2011-10-28_12-01-32_351	0.0147284951799	0.139896373057	53.1875
2011-10-28_12-01-35_821	0.0159047757451	0.0746268656716	66.0
2011-10-28_12-01-26_932	0.0143874348815	0.0618955512573	19.42187
2011-10-28_12-02-23_300	0.0193991048713	0.113095238095	75.796875
2011-10-28_11-59-49_280	0.017466937174	0.0675	11.75
2011-10-28_12-01-32_351	0.0128719686126	0.132124352332	48.1875
2011-10-28_11-59-53_593	0.0190888367679	0.0763005780347	3.6875
2011-10-28_12-01-35_821	0.0158227781021	0.0771144278607	61.0
2011-10-28_12-01-26_932	0.0137197760936	0.0541586073501	14.42187
2011-10-28_11-58-56_285	0.0114396449787	0.255233494364	8.84375
2011-10-28_12-01-32_351	0.0142639371808	0.139896373057	43.1875
2011-10-28_12-02-23_300	0.0180474158048	0.120535714286	70.796875
2011-10-28_11-59-49_280	0.0147646880751	0.07	16.75
2011-10-28_12-02-19_030	0.0131011173766	0.570326678766	63.9375
2011-10-28_12-01-26_932	0.014379138664	0.0599613152805	9.42187
2011-10-28_12-01-35_821	0.017550514906	0.0820895522388	56.0
2011-10-28_11-59-53_593	0.0193073696419	0.0751445086705	8.6875
2011-10-28_12-01-32_351	0.0148758514139	0.204663212435	38.1875
2011-10-28_12-02-23_300	0.0163845058728	0.15625	65.796875
2011-10-28_12-01-32_351	0.0147410578836	0.209844559585	33.1875
2011-10-28_11-58-56_285	0.00935137922153	0.257648953301	3.84375
2011-10-28_12-01-35_821	0.0157973427713	0.0771144278607	51.0
2011-10-28_11-59-53_593	0.0191121589397	0.0774566473988	13.6875
2011-10-28_12-01-32_351	0.018401788402	0.209844559585	28.1875
2011-10-28_12-02-23_300	0.0183885548084	0.116071428571	60.796875
2011-10-28_12-01-35_821	0.0177328087577	0.0796019900498	46.0
2011-10-28_12-02-40_191	0.0177204869736	0.229755178908	43.34375
2011-10-28_12-01-32_351	0.01700506124	0.256476683938	23.1875
2011-10-28_11-59-53_593	0.019128268379	0.0751445086705	18.6875
2011-10-28_12-02-23_300	0.0188802337116	0.126488095238	55.796875
2011-10-28_12-02-19_030	0.012060966771	0.572595281307	58.9375
2011-10-28_12-01-32_351	0.0155024084253	0.212435233161	18.1875
2011-10-28_12-01-35_821	0.0158914511182	0.0771144278607	41.0
2011-10-28_12-01-32_351	0.0102915763681	0.220207253886	13.1875
2011-10-28_12-02-23_300	0.0148401420934	0.154761904762	50.796875
2011-10-28_12-02-40_191	0.01667097102	0.226930320151	38.34375
2011-10-28_12-01-35_821	0.0170855625745	0.0796019900498	36.0
2011-10-28_12-02-44_400	0.0185144315475	0.237410071942	39.203125
2011-10-28_12-02-23_300	0.018135668376	0.154761904762	45.796875
2011-10-28_12-01-35_821	0.0151738661926	0.0845771144279	31.0
2011-10-28_12-02-40_191	0.0158736990639	0.232580037665	33.34375
2011-10-28_12-02-49_702	0.0159042772381	0.294433266264	41.765625
2011-10-28_12-02-23_300	0.0175427261065	0.151785714286	40.796875
2011-10-28_12-03-46_648	0.0183054750244	0.116185359302	54.59375
2011-10-28_12-01-35_821	0.0158441281812	0.0771144278607	26.0
2011-10-28_12-02-19_030	0.0122485271271	0.593920145191	53.9375
2011-10-28_12-02-44_400	0.0180514550636	0.241837299391	34.203125
2011-10-28_12-02-40_191	0.0160359279649	0.247645951036	28.34375
2011-10-28_12-02-23_300	0.01825629002	0.141369047619	35.796875
2011-10-28_12-01-35_821	0.0153760761258	0.0771144278607	21.0
2011-10-28_12-02-49_702	0.0160137091431	0.319919517103	36.765625
2011-10-28_12-03-52_668	0.0175474207571	0.140909090909	46.0625
2011-10-28_12-02-23_300	0.0174527815967	0.139880952381	30.796875
2011-10-28_12-01-35_821	0.0159502728959	0.0820895522388	16.0
2011-10-28_12-03-46_648	0.0141649799848	0.175285426461	49.59375
2011-10-28_12-02-40_191	0.0143785146634	0.252354048964	23.34375
2011-10-28_12-02-23_300	0.0181138928631	0.151785714286	25.796875
2011-10-28_12-02-49_702	0.016162099242	0.348088531187	31.765625
2011-10-28_12-03-52_668	0.0188092826281	0.145454545455	41.0625
2011-10-28_12-02-44_400	0.0181391708021	0.259546209186	29.203125
2011-10-28_12-02-19_030	0.0118922899366	0.605716878403	48.9375
2011-10-28_12-02-40_191	0.0154204800739	0.298493408663	18.34375
2011-10-28_12-02-23_300	0.0174278923791	0.157738095238	20.796875
2011-10-28_12-03-46_648	0.0139277048641	0.175957018133	44.59375
2011-10-28_12-04-00_240	0.0179846998303	0.253205128205	49.53125
2011-10-28_12-02-49_702	0.0169271756761	0.392354124748	26.765625
2011-10-28_12-03-52_668	0.0196728018308	0.140909090909	36.0625
2011-10-28_12-02-40_191	0.0141118770672	0.306967984934	13.34375
2011-10-28_12-04-00_240	0.0185556105347	0.278846153846	44.53125
2011-10-28_12-02-44_400	0.0176902976935	0.270614277809	24.203125
2011-10-28_12-02-49_702	0.0157840343589	0.417840375587	21.765625
2011-10-28_12-03-46_648	0.0161141328276	0.243787777032	39.59375
2011-10-28_12-04-45_499	0.0179803153174	0.128813559322	52.109375
2011-10-28_12-02-40_191	0.0120799298349	0.305084745763	8.34375
2011-10-28_12-03-52_668	0.014647212678	0.169696969697	31.0625
2011-10-28_12-04-00_240	0.0191381912311	0.291666666667	39.53125
2011-10-28_12-02-19_030	0.0119142453457	0.627495462795	43.9375
2011-10-28_12-04-45_499	0.0176840368023	0.125423728814	47.109375
2011-10-28_12-04-45_499	0.0146297266839	0.196610169492	42.109375
2011-10-28_12-04-00_240	0.0171973542494	0.253205128205	34.53125
2011-10-28_12-02-49_702	0.0141864501448	0.433936955064	16.765625
2011-10-28_12-02-40_191	0.0156418036545	0.346516007533	3.34375
2011-10-28_12-02-44_400	0.0173175589983	0.286109573879	19.203125
2011-10-28_12-04-45_499	0.0146307763109	0.206779661017	37.109375
2011-10-28_12-03-52_668	0.0202709318168	0.141666666667	26.0625
2011-10-28_12-03-46_648	0.0174389364313	0.263935527199	34.59375
2011-10-28_12-04-00_240	0.0168382185863	0.261217948718	29.53125
2011-10-28_12-04-45_499	0.0143516369259	0.213559322034	32.109375
2011-10-28_12-02-40_191	0.0135198845578	0.317325800377	1.65625
2011-10-28_12-04-45_499	0.0140494037812	0.220338983051	27.109375
2011-10-28_12-02-49_702	0.0124529028427	0.447350771294	11.765625
2011-10-28_12-04-00_240	0.0179965502749	0.309294871795	24.53125
2011-10-28_12-03-52_668	0.0141024713486	0.213636363636	21.0625
2011-10-28_12-04-45_499	0.0147327767137	0.254237288136	22.109375
2011-10-28_12-02-44_400	0.0168230921202	0.318206972883	14.203125
2011-10-28_12-02-19_030	0.0121259871976	0.652903811252	38.9375
2011-10-28_12-03-46_648	0.0170340225745	0.313633310947	29.59375
2011-10-28_12-04-45_499	0.0141024376299	0.267796610169	17.109375
2011-10-28_12-02-40_191	0.0130166133723	0.31450094162	6.65625
2011-10-28_12-04-00_240	0.0181771462172	0.331730769231	19.53125
2011-10-28_12-02-49_702	0.0104532142764	0.45405767941	6.765625
2011-10-28_12-04-45_499	0.0147430159711	0.298305084746	12.109375
2011-10-28_12-03-52_668	0.0103453289724	0.213636363636	16.0625
2011-10-28_12-04-00_240	0.0179253756494	0.346153846154	14.53125
2011-10-28_12-04-45_499	0.0139025842118	0.305084745763	7.109375
2011-10-28_12-02-40_191	0.0128086673815	0.30131826742	11.65625
2011-10-28_12-02-44_400	0.0165377386212	0.359712230216	9.203125
2011-10-28_12-04-45_499	0.0126445469141	0.298305084746	2.109375
2011-10-28_12-03-46_648	0.0170898258457	0.287441235729	24.59375
2011-10-28_12-04-00_240	0.0172098017972	0.357371794872	9.53125
2011-10-28_12-02-49_702	0.00838412513709	0.452045606975	1.765625
2011-10-28_12-03-52_668	0.0092918249414	0.212878787879	11.0625
2011-10-28_12-04-45_499	0.0122806388721	0.291525423729	2.890625
2011-10-28_12-04-00_240	0.0164353382124	0.365384615385	4.53125
2011-10-28_12-02-19_030	0.0118467178925	0.682395644283	33.9375
2011-10-28_12-03-52_668	0.0112502115918	0.212878787879	6.0625
2011-10-28_12-02-44_400	0.0160701458849	0.394023242944	4.203125
2011-10-28_12-04-00_240	0.015171827257	0.362179487179	0.46875
2011-10-28_12-02-49_702	0.00816155880947	0.452716297787	3.234375
2011-10-28_12-03-46_648	0.0161346768562	0.34116856951	19.59375
2011-10-28_12-04-51_955	0.0169071791442	0.289334741288	44.85937
2011-10-28_12-04-00_240	0.0152212140537	0.360576923077	5.46875
2011-10-28_12-03-52_668	0.0142860031646	0.208333333333	1.0625
2011-10-28_12-04-57_265	0.0170210135652	0.222379603399	52.92187
2011-10-28_12-04-51_955	0.0167312236754	0.282998944034	39.85937
2011-10-28_12-02-44_400	0.0150643616694	0.406198118428	0.796875
2011-10-28_12-02-49_702	0.0107259439963	0.457411133467	8.234375
2011-10-28_12-03-46_648	0.0148141093625	0.342511752854	14.59375
2011-10-28_12-04-57_265	0.015873269358	0.20821529745	47.92187
2011-10-28_12-03-52_668	0.0143429259054	0.177272727273	3.9375
2011-10-28_12-04-51_955	0.0167491191131	0.27560718057	34.85937
2011-10-28_12-03-46_648	0.0146742080148	0.360644728005	9.59375
2011-10-28_12-04-57_265	0.0158441868245	0.21104815864	42.92187
2011-10-28_12-02-44_400	0.0154053920435	0.413392363033	5.796875
2011-10-28_12-02-49_702	0.0122372046371	0.438631790744	13.234375
2011-10-28_12-03-52_668	0.0149718532878	0.140909090909	8.9375
2011-10-28_12-02-19_030	0.0110105804713	0.704174228675	28.9375
2011-10-28_12-04-51_955	0.0156826059882	0.282998944034	29.85937
2011-10-28_12-07-45_203	0.0136105702039	0.28282122905	62.1875
2011-10-28_12-04-57_265	0.0156839052081	0.206798866856	37.92187
2011-10-28_12-03-46_648	0.0143057118479	0.384822028207	4.59375
2011-10-28_12-04-51_955	0.0157180202269	0.28722280887	24.85937
2011-10-28_12-04-57_265	0.0177751087583	0.20821529745	32.92187
2011-10-28_12-02-44_400	0.0154529088912	0.388489208633	10.796875
2011-10-28_12-03-46_648	0.0126612788486	0.383478844862	0.40625
2011-10-28_12-04-51_955	0.0153536410983	0.262935586061	19.85937
2011-10-28_12-07-45_203	0.0142331142208	0.305167597765	57.1875
2011-10-28_12-07-50_761	0.0131153839264	0.37701396348	67.48437
2011-10-28_12-04-57_265	0.0149392560823	0.21388101983	27.92187
2011-10-28_12-07-57_819	0.010660403453	0.234939759036	73.4375
2011-10-28_12-04-51_955	0.0176662047533	0.293558606125	14.85937
2011-10-28_12-07-57_819	0.0132021113285	0.0993975903614	68.4375
2011-10-28_12-04-57_265	0.0144143383935	0.21388101983	22.92187
2011-10-28_12-07-50_761	0.0125855494529	0.379162191192	62.48437
2011-10-28_12-02-44_400	0.01689898949	0.397897066962	15.796875
2011-10-28_12-02-19_030	0.00996062491345	0.725952813067	23.9375
2011-10-28_12-07-45_203	0.0122775695678	0.293994413408	52.1875
2011-10-28_12-07-57_819	0.0112585849818	0.253012048193	63.4375
2011-10-28_12-04-51_955	0.0176013729881	0.296726504752	9.85937
2011-10-28_12-07-57_819	0.0118611292838	0.204819277108	58.4375
2011-10-28_12-04-57_265	0.0138117954421	0.212464589235	17.92187
2011-10-28_12-07-50_761	0.012832013034	0.394199785177	57.48437
2011-10-28_12-07-57_819	0.0140844107324	0.204819277108	53.4375
2011-10-28_12-04-51_955	0.01606878526	0.309398099261	4.85937
2011-10-28_12-07-45_203	0.0129134611227	0.319134078212	47.1875
2011-10-28_12-07-57_819	0.0118390403547	0.201807228916	48.4375
2011-10-28_12-04-57_265	0.0137329340516	0.236543909348	12.92187
2011-10-28_12-08-27_399	0.013884408867	0.394642857143	50.9375
2011-10-28_12-07-57_819	0.0121340966853	0.204819277108	43.4375
2011-10-28_12-07-50_761	0.0125191371262	0.395273899033	52.48437
2011-10-28_12-04-51_955	0.0135383766492	0.327349524815	0.14063
2011-10-28_12-04-57_265	0.0169060917523	0.321529745042	7.92187
2011-10-28_12-08-35_115	0.0143126838194	0.100085543199	52.17187
2011-10-28_12-07-57_819	0.0127322421552	0.207831325301	38.4375
2011-10-28_12-07-45_203	0.0122064719308	0.319134078212	42.1875
2011-10-28_12-04-51_955	0.0145333887465	0.329461457233	5.14063
2011-10-28_12-07-57_819	0.0128078780377	0.201807228916	33.4375
2011-10-28_12-04-57_265	0.0148288282861	0.321529745042	2.92187
2011-10-28_12-07-50_761	0.0115954371646	0.398496240602	47.48437
2011-10-28_12-08-35_115	0.0142702702848	0.0992301112062	47.17187
2011-10-28_12-08-27_399	0.013609071225	0.4	45.9375
2011-10-28_12-07-57_819	0.00973213252739	0.286144578313	28.4375
2011-10-28_12-02-19_030	0.0084950260884	0.746370235935	18.9375
2011-10-28_12-04-57_265	0.0135949015927	0.320113314448	2.07813
2011-10-28_12-04-51_955	0.016401073455	0.311510031679	10.14063
2011-10-28_12-07-57_819	0.00745859567966	0.277108433735	23.4375
2011-10-28_12-07-50_761	0.011547824435	0.40708915145	42.48437
2011-10-28_12-07-45_203	0.0116424708786	0.31843575419	37.1875
2011-10-28_12-07-57_819	0.0112036200106	0.334337349398	18.4375
2011-10-28_12-08-35_115	0.0147783367345	0.109495295124	42.17187
2011-10-28_12-08-27_399	0.0132675065255	0.403571428571	40.9375
2011-10-28_12-07-50_761	0.0117113193491	0.416756176155	37.48437
2011-10-28_12-09-35_578	0.0187906122435	0.162721893491	48.23437
2011-10-28_12-08-35_115	0.0172747285551	0.109495295124	37.17187
2011-10-28_12-07-45_203	0.0115830829929	0.324022346369	32.1875
2011-10-28_12-09-35_578	0.0183971160418	0.147928994083	43.23437
2011-10-28_12-09-39_829	0.0146100066322	0.100792751982	47.20312
2011-10-28_12-07-50_761	0.0114941031261	0.423200859291	32.48437
2011-10-28_12-09-35_578	0.0180667365192	0.153846153846	38.23437
2011-10-28_12-08-27_399	0.0130830100571	0.408928571429	35.9375
2011-10-28_12-08-35_115	0.0176884057395	0.124037639008	32.17187
2011-10-28_12-09-39_829	0.0154989990712	0.137032842582	42.20312
2011-10-28_12-09-35_578	0.0185654405521	0.162721893491	33.23437
2011-10-28_12-09-45_828	0.0111105080459	0.143451143451	53.53125
2011-10-28_12-02-19_030	0.00624154770176	0.748638838475	13.9375
2011-10-28_12-07-50_761	0.0112141809566	0.429645542427	27.48437
2011-10-28_12-09-35_578	0.0177036213099	0.165680473373	28.23437
2011-10-28_12-07-45_203	0.0125434909987	0.342877094972	27.1875
2011-10-28_12-09-45_828	0.00894313529735	0.120582120582	48.53125
2011-10-28_12-09-39_829	0.0158892772861	0.149490373726	37.20312
2011-10-28_12-08-35_115	0.0178035999035	0.280581693755	27.17187
2011-10-28_12-09-35_578	0.0180189926035	0.159763313609	23.23437
2011-10-28_12-08-27_399	0.0127955011461	0.411904761905	30.9375
2011-10-28_12-09-45_828	0.0110460071608	0.147609147609	43.53125
2011-10-28_12-07-50_761	0.0106038304865	0.43179377014	22.48437
2011-10-28_12-09-35_578	0.0178243594459	0.165680473373	18.23437
2011-10-28_12-09-39_829	0.0181716903683	0.115515288788	32.20312
2011-10-28_12-09-45_828	0.0130712792973	0.151767151767	38.53125
2011-10-28_12-09-35_578	0.01793213019	0.165680473373	13.23437
2011-10-28_12-08-35_115	0.0163582237593	0.295979469632	22.17187
2011-10-28_12-07-45_203	0.0163151003411	0.412709497207	22.1875
2011-10-28_12-07-50_761	0.0101785688421	0.43716433942	17.48437
2011-10-28_12-09-35_578	0.0178146545267	0.162721893491	8.23437
2011-10-28_12-09-45_828	0.0100450111018	0.143451143451	33.53125
2011-10-28_12-08-27_399	0.0140014764763	0.442857142857	25.9375
2011-10-28_12-09-39_829	0.0167021669162	0.176670441676	27.20312
2011-10-28_12-09-35_578	0.0172521668958	0.159763313609	3.23437
2011-10-28_12-09-45_828	0.00989854669696	0.143451143451	28.53125
2011-10-28_12-08-35_115	0.0150120564827	0.301112061591	17.17187
2011-10-28_12-09-35_578	0.0179931817614	0.165680473373	1.76563
2011-10-28_12-07-50_761	0.0105541501912	0.451127819549	12.48437
2011-10-28_12-09-39_829	0.014491591615	0.164212910532	22.20312
2011-10-28_12-09-45_828	0.00961803921501	0.143451143451	23.53125
2011-10-28_12-07-45_203	0.0152992236746	0.43156424581	17.1875
2011-10-28_12-09-35_578	0.0183179903974	0.150887573964	6.76563
2011-10-28_12-08-27_399	0.0134299674909	0.445238095238	20.9375
2011-10-28_12-08-35_115	0.0145002815646	0.305389221557	12.17187
2011-10-28_12-09-45_828	0.0095503772356	0.143451143451	18.53125
2011-10-28_12-09-39_829	0.0143760997819	0.166477916195	17.20312
2011-10-28_12-02-19_030	0.00459142804934	0.762704174229	8.9375
2011-10-28_12-09-45_828	0.00969710608432	0.143451143451	13.53125
2011-10-28_12-09-39_829	0.0189334261925	0.197055492639	12.20312
2011-10-28_12-08-35_115	0.0146584449388	0.304533789564	7.17187
2011-10-28_12-07-45_203	0.0145189753272	0.465083798883	12.1875
2011-10-28_12-09-45_828	0.00868716944285	0.135135135135	8.53125
2011-10-28_12-08-27_399	0.0129949175498	0.447619047619	15.9375
2011-10-28_12-10-11_212	0.0075158222734	0.451887941535	37.10937
2011-10-28_12-09-45_828	0.00854098406605	0.135135135135	3.53125
2011-10-28_12-09-39_829	0.017288205708	0.191392978482	7.20312
2011-10-28_12-10-18_704	0.0127021576292	0.146706586826	22.95312
2011-10-28_12-08-35_115	0.0157842052602	0.30624465355	2.17187
2011-10-28_12-09-45_828	0.0101630789018	0.162162162162	1.46875
2011-10-28_12-10-11_212	0.00730267452754	0.454323995128	32.10937
2011-10-28_12-09-39_829	0.0161443019758	0.203850509626	2.20312
2011-10-28_12-07-45_203	0.0137973554793	0.504888268156	7.1875
2011-10-28_12-10-18_704	0.0126554418862	0.149700598802	17.95312
2011-10-28_12-08-27_399	0.0126199573042	0.44880952381	10.9375
2011-10-28_12-11-42_811	0.0152655450098	0.0384	42.20312
2011-10-28_12-10-11_212	0.00727026235908	0.454323995128	27.10937
2011-10-28_12-08-35_115	0.0160503333063	0.293413173653	2.82813
2011-10-28_12-10-18_704	0.013132196397	0.148203592814	12.95312
2011-10-28_12-11-42_811	0.013446749052	0.0368	37.20312
2011-10-28_12-09-39_829	0.0144906821012	0.204983012458	2.79688
2011-10-28_12-12-20_282	0.0142252913963	0.0698924731183	55.75
2011-10-28_12-10-11_212	0.00711543315167	0.459196102314	22.10937
2011-10-28_12-11-42_811	0.0159867646724	0.048	32.20312
2011-10-28_12-10-18_704	0.0119332184302	0.14371257485	7.95312
2011-10-28_12-09-39_829	0.0143933410171	0.215175537939	7.79688
2011-10-28_12-08-27_399	0.0124322726135	0.45119047619	5.9375
2011-10-28_12-12-20_282	0.0131089488297	0.0537634408602	50.75
2011-10-28_12-11-42_811	0.017129191636	0.032	27.20312
2011-10-28_12-10-18_704	0.0157159804748	0.161676646707	2.95312
2011-10-28_12-10-11_212	0.00692855295392	0.459196102314	17.10937
2011-10-28_12-12-20_282	0.0141874184673	0.0725806451613	45.75
2011-10-28_12-11-42_811	0.016484854192	0.0416	22.20312
2011-10-28_12-12-20_282	0.0151763601967	0.0752688172043	40.75
2011-10-28_12-10-18_704	0.0140788463209	0.161676646707	2.04688
2011-10-28_12-12-24_777	0.0160511850023	0.170418006431	47.98437
2011-10-28_12-10-11_212	0.00604186681909	0.460414129111	12.10937
2011-10-28_12-08-27_399	0.0162756765801	0.547619047619	0.9375
2011-10-28_12-12-29_132	0.0184664770863	0.0555555555556	60.54687
2011-10-28_12-12-20_282	0.015152832738	0.0725806451613	35.75
2011-10-28_12-11-42_811	0.018089140921	0.048	17.20312
2011-10-28_12-10-18_704	0.0147054471973	0.164670658683	7.04688
2011-10-28_12-12-20_282	0.0188821711606	0.0564516129032	30.75
2011-10-28_12-11-42_811	0.0180007908998	0.04	12.20312
2011-10-28_12-10-11_212	0.0057421998421	0.461632155907	7.10937
2011-10-28_12-12-29_132	0.0174535506408	0.0661938534279	55.54687
2011-10-28_12-13-23_679	0.0113931920795	0.126805778491	40.15625
2011-10-28_12-10-18_704	0.0122282170774	0.148203592814	12.04688
2011-10-28_12-12-20_282	0.0103312104869	0.0483870967742	25.75
2011-10-28_12-12-24_777	0.0182262191126	0.11575562701	42.98437
2011-10-28_12-11-42_811	0.0161584459356	0.032	7.20312
2011-10-28_12-12-20_282	0.0164989213356	0.0672043010753	20.75
2011-10-28_12-08-27_399	0.0154292800715	0.546428571429	4.0625
2011-10-28_12-12-29_132	0.0177901827677	0.0626477541371	50.54687
2011-10-28_12-10-11_212	0.00743281812009	0.466504263094	2.10937
2011-10-28_12-10-18_704	0.0116640081168	0.145209580838	17.04688
2011-10-28_12-11-42_811	0.0183149061897	0.0368	2.20312
2011-10-28_12-12-20_282	0.0114240119281	0.0483870967742	15.75
2011-10-28_12-13-23_679	0.0101449667207	0.182985553772	35.15625
2011-10-28_12-12-20_282	0.0195246997503	0.0483870967742	10.75
2011-10-28_12-10-18_704	0.0106867886756	0.133233532934	22.04688
2011-10-28_12-12-24_777	0.017012861043	0.197427652733	37.98437
2011-10-28_12-12-29_132	0.0179642770039	0.0626477541371	45.54687
2011-10-28_12-11-42_811	0.0192530918711	0.0368	2.79688
2011-10-28_12-10-11_212	0.00553549949632	0.464068209501	2.89063
2011-10-28_12-12-20_282	0.0226306180919	0.0564516129032	5.75
2011-10-28_12-10-18_704	0.0107737998866	0.124251497006	27.04688
2011-10-28_12-13-23_679	0.0092710473312	0.18378812199	30.15625
2011-10-28_12-13-41_589	0.0183056198269	0.112426035503	52.4375
2011-10-28_12-11-42_811	0.0193311392119	0.0432	7.79688
2011-10-28_12-12-20_282	0.0118136796774	0.0672043010753	0.75
2011-10-28_12-12-29_132	0.0161805217441	0.0827423167849	40.54687
2011-10-28_12-10-11_212	0.00698735517345	0.472594397077	7.89063
2011-10-28_12-13-41_589	0.0177228597466	0.0966469428008	47.4375
2011-10-28_12-10-18_704	0.0104746555273	0.146706586826	32.04688
2011-10-28_12-12-24_777	0.018024641642	0.215434083601	32.98437
2011-10-28_12-11-42_811	0.0199581654893	0.0336	12.79688
2011-10-28_12-13-23_679	0.0120999379131	0.220706260032	25.15625
2011-10-28_12-13-41_589	0.0186228221104	0.102564102564	42.4375
2011-10-28_12-12-29_132	0.0186084036957	0.0626477541371	35.54687
2011-10-28_12-10-11_212	0.0064533444206	0.470158343484	12.89063
2011-10-28_12-13-41_589	0.0177554326637	0.100591715976	37.4375
2011-10-28_12-15-56_735	0.00961852281779	0.27969348659	30.09375
2011-10-28_12-12-29_132	0.0179659641839	0.0756501182033	30.54687
2011-10-28_12-12-24_777	0.0173175151769	0.237942122186	27.98437
2011-10-28_12-13-23_679	0.0113895584575	0.23113964687	20.15625
2011-10-28_12-13-41_589	0.0158296993158	0.0848126232742	32.4375
2011-10-28_12-16-01_081	0.01315915249	0.249718785152	33.04687
2011-10-28_12-15-56_735	0.010126292694	0.273946360153	25.09375
2011-10-28_12-10-11_212	0.006519528461	0.470158343484	17.89063
2011-10-28_12-13-41_589	0.0179746031243	0.102564102564	27.4375
2011-10-28_12-15-56_735	0.00932900922356	0.308429118774	20.09375
2011-10-28_12-12-29_132	0.0196573453659	0.0626477541371	25.54687
2011-10-28_12-16-01_081	0.0138375835881	0.276715410574	28.04687
2011-10-28_12-13-23_679	0.0104126333388	0.239165329053	15.15625
2011-10-28_12-13-41_589	0.0182503211567	0.0848126232742	22.4375
2011-10-28_12-16-38_968	0.0139053545507	0.38062283737	23.765625
2011-10-28_12-12-24_777	0.0147827700395	0.227009646302	22.98437
2011-10-28_12-15-56_735	0.0121659785423	0.27969348659	15.09375
2011-10-28_12-16-44_208	0.0120439113403	0.168421052632	36.29687
2011-10-28_12-12-29_132	0.0159260306823	0.080378250591	20.54687
2011-10-28_12-13-41_589	0.0180690374028	0.104536489152	17.4375
2011-10-28_12-16-01_081	0.0126367181608	0.277840269966	23.04687
2011-10-28_12-15-56_735	0.010180016745	0.300766283525	10.09375
2011-10-28_12-16-44_208	0.0117735490871	0.228070175439	31.29687
2011-10-28_12-13-23_679	0.0124752577247	0.292937399679	10.15625
2011-10-28_12-13-41_589	0.0181208118811	0.104536489152	12.4375
2011-10-28_12-16-38_968	0.0131087058646	0.399653979239	18.765625
2011-10-28_12-16-44_208	0.0127487386651	0.182456140351	26.29687
2011-10-28_12-16-01_081	0.0120042062582	0.283464566929	18.04687
2011-10-28_12-12-24_777	0.015329618934	0.27459807074	17.98437
2011-10-28_12-15-56_735	0.0098452735461	0.323754789272	5.09375
2011-10-28_12-12-29_132	0.0192906950641	0.0685579196217	15.54687
2011-10-28_12-13-41_589	0.0147439574881	0.0828402366864	7.4375
2011-10-28_12-16-44_208	0.0107099210858	0.238596491228	21.29687
2011-10-28_12-13-23_679	0.0085687186254	0.298555377207	5.15625
2011-10-28_12-15-56_735	0.0109402169097	0.312260536398	0.09375
2011-10-28_12-16-01_081	0.012086811866	0.289088863892	13.04687
2011-10-28_12-16-44_208	0.0110541292857	0.252631578947	16.29687
2011-10-28_12-13-41_589	0.0179421816781	0.0966469428008	2.4375
2011-10-28_12-12-29_132	0.0160085271602	0.080378250591	10.54687
2011-10-28_12-16-38_968	0.011296944362	0.405709342561	13.765625
2011-10-28_12-16-44_208	0.0109968632175	0.252631578947	11.29687
2011-10-28_12-15-56_735	0.0118554413948	0.323754789272	4.90625
2011-10-28_12-12-24_777	0.0134072997992	0.279742765273	12.98437
2011-10-28_12-13-41_589	0.0187940755878	0.0887573964497	2.5625
2011-10-28_12-16-01_081	0.0106872389528	0.293588301462	8.04687
2011-10-28_12-16-44_208	0.00819756226169	0.238596491228	6.29687
2011-10-28_12-13-23_679	0.00516768261302	0.299357945425	0.15625
2011-10-28_12-15-56_735	0.0127249208517	0.316091954023	9.90625
2011-10-28_12-16-44_208	0.00950175257694	0.235087719298	1.29687
2011-10-28_12-12-29_132	0.0186112642537	0.0744680851064	5.54687
2011-10-28_12-16-38_968	0.0109088279565	0.423010380623	8.765625
2011-10-28_12-16-01_081	0.0100809163241	0.299212598425	3.04687
2011-10-28_12-16-44_208	0.0106100797888	0.189473684211	3.70313
2011-10-28_12-15-56_735	0.0136892178894	0.318007662835	14.90625
2011-10-28_12-12-24_777	0.0118457413292	0.281028938907	7.98437
2011-10-28_12-13-23_679	0.00617761857775	0.303370786517	4.84375
2011-10-28_12-16-44_208	0.0116124064674	0.182456140351	8.70313
2011-10-28_12-16-01_081	0.0107653134799	0.302587176603	1.95313
2011-10-28_12-15-56_735	0.00895223821212	0.293103448276	19.90625
2011-10-28_12-16-38_968	0.0103232947307	0.429930795848	3.765625
2011-10-28_12-16-44_208	0.00967604676052	0.161403508772	13.70313
2011-10-28_12-21-34_248	0.00747775353125	0.369158878505	10.0625
2011-10-28_12-12-24_777	0.0106362030738	0.279742765273	2.98437
2011-10-28_12-13-23_679	0.00898448180141	0.30176565008	9.84375
2011-10-28_12-16-44_208	0.012949547693	0.164912280702	18.70313
2011-10-28_12-15-56_735	0.0121838464552	0.314176245211	24.90625
2011-10-28_12-16-01_081	0.0109554903279	0.294713160855	6.95313
2011-10-28_12-21-34_248	0.0069592913412	0.366822429907	5.0625
2011-10-28_12-16-38_968	0.0105708047192	0.426470588235	1.234375
2011-10-28_12-16-01_081	0.013000871153	0.295838020247	11.95313
2011-10-28_12-21-34_248	0.0085377265021	0.373831775701	0.0625
2011-10-28_12-13-23_679	0.0121667184431	0.287319422151	14.84375
2011-10-28_12-12-24_777	0.0102197782646	0.279099678457	2.01563
2011-10-28_12-21-41_215	0.0102669461817	0.64720974984	15.46875
2011-10-28_12-16-38_968	0.0133016859336	0.426470588235	6.234375
2011-10-28_12-21-34_248	0.0094190388734	0.373831775701	4.9375
2011-10-28_12-23-19_235	0.0212971001165	0.0640668523677	65.79687
2011-10-28_12-16-01_081	0.01371272851	0.278965129359	16.95313
2011-10-28_12-21-34_248	0.0103686412326	0.373831775701	9.9375
2011-10-28_12-23-19_235	0.0120722869361	0.0696378830084	60.79687
2011-10-28_12-12-24_777	0.010157190515	0.275884244373	7.01563
2011-10-28_12-21-44_651	0.00829094902157	0.686821705426	15.73437
2011-10-28_12-16-38_968	0.0145682842373	0.410034602076	11.234375
2011-10-28_12-21-34_248	0.00835453556966	0.348130841121	14.9375
2011-10-28_12-16-01_081	0.0152201703622	0.275590551181	21.95313
2011-10-28_12-23-24_368	0.00923813596083	0.353813559322	65.21875
2011-10-28_12-23-19_235	0.0176517519131	0.0640668523677	55.79687
2011-10-28_12-21-41_215	0.00882683052628	0.665811417575	10.46875
2011-10-28_12-21-34_248	0.00929884500078	0.35046728972	19.9375
2011-10-28_12-23-19_235	0.0155753239433	0.0724233983287	50.79687
2011-10-28_12-23-24_368	0.00885523737602	0.353813559322	60.21875
2011-10-28_12-16-38_968	0.0149257440392	0.391868512111	16.234375
2011-10-28_12-21-34_248	0.0098254031465	0.348130841121	24.9375
2011-10-28_12-23-19_235	0.0156233999708	0.0640668523677	45.79687
2011-10-28_12-23-24_368	0.00844450043038	0.351694915254	55.21875
2011-10-28_12-21-44_651	0.00678042465104	0.689147286822	10.73437
2011-10-28_12-21-34_248	0.0106114633772	0.345794392523	29.9375
2011-10-28_12-23-19_235	0.0160797964689	0.0696378830084	40.79687
2011-10-28_12-24-11_858	0.0149199877804	0.16149068323	45.71875
2011-10-28_12-23-24_368	0.0083373702159	0.351694915254	50.21875
2011-10-28_12-21-41_215	0.00683815994016	0.678640153945	5.46875
2011-10-28_12-23-19_235	0.0174935733269	0.058495821727	35.79687
2011-10-28_12-16-38_968	0.0155698135673	0.379757785467	21.234375
2011-10-28_12-21-34_248	0.0114860201958	0.343457943925	34.9375
2011-10-28_12-26-08_916	0.0151911742864	0.121552604699	47.73437
2011-10-28_12-24-11_858	0.013576996991	0.15734989648	40.71875
2011-10-28_12-23-24_368	0.00829889954216	0.351694915254	45.21875
2011-10-28_12-23-19_235	0.0145275756867	0.0807799442897	30.79687
2011-10-28_12-21-34_248	0.0123940270753	0.338785046729	39.9375
2011-10-28_12-24-11_858	0.0150314855276	0.16149068323	35.71875
2011-10-28_12-21-44_651	0.00670256070414	0.693023255814	5.73437
2011-10-28_12-23-19_235	0.0159524220198	0.0779944289694	25.79687
2011-10-28_12-23-24_368	0.00834382924396	0.351694915254	40.21875
2011-10-28_12-16-38_968	0.0168644354151	0.375432525952	26.234375
2011-10-28_12-21-34_248	0.0122409681154	0.322429906542	44.9375
2011-10-28_12-26-08_916	0.0161009611305	0.150153217569	42.73437
2011-10-28_12-23-19_235	0.0149931382775	0.0557103064067	20.79687
2011-10-28_12-24-11_858	0.0157740749719	0.173913043478	30.71875
2011-10-28_12-21-41_215	0.00579398754374	0.681847338037	0.46875
2011-10-28_12-23-24_368	0.00847723249436	0.351694915254	35.21875
2011-10-28_12-23-19_235	0.0166150293242	0.0807799442897	15.79687
2011-10-28_12-24-11_858	0.0151947949313	0.175983436853	25.71875
2011-10-28_12-23-24_368	0.00869733868907	0.351694915254	30.21875
2011-10-28_12-26-08_916	0.0151031051223	0.150153217569	37.73437
2011-10-28_12-21-44_651	0.00759905493469	0.68992248062	0.73437
2011-10-28_12-16-38_968	0.0173473580879	0.349480968858	31.234375
2011-10-28_12-23-19_235	0.0164546115979	0.075208913649	10.79687
2011-10-28_12-24-11_858	0.0154443814748	0.175983436853	20.71875
2011-10-28_12-30-53_396	0.0120854761964	0.32183908046	42.21875
2011-10-28_12-23-24_368	0.00899917227008	0.351694915254	25.21875
2011-10-28_12-21-41_215	0.00785904680268	0.684413085311	4.53125
2011-10-28_12-24-11_858	0.0125757928118	0.159420289855	15.71875
2011-10-28_12-26-08_916	0.0168354390899	0.135852911134	32.73437
2011-10-28_12-23-24_368	0.00937724531059	0.351694915254	20.21875
2011-10-28_12-30-53_396	0.0107965864648	0.367816091954	37.21875
2011-10-28_12-32-17_987	0.0186312553068	0.0487804878049	28.765625
2011-10-28_12-21-44_651	0.00968705930319	0.690697674419	4.26563
2011-10-28_12-24-11_858	0.0136574316971	0.163561076605	10.71875
2011-10-28_12-23-24_368	0.0103061804905	0.353813559322	15.21875
2011-10-28_12-32-17_987	0.0192442179996	0.0532150776053	23.765625
2011-10-28_12-30-53_396	0.010795628408	0.373563218391	32.21875
2011-10-28_12-26-08_916	0.0131905025068	0.149131767109	27.73437
2011-10-28_12-24-11_858	0.0130401475855	0.16149068323	5.71875
2011-10-28_12-23-24_368	0.0107123933834	0.35593220339	10.21875
2011-10-28_12-32-17_987	0.0219518412672	0.059866962306	18.765625
2011-10-28_12-21-41_215	0.00933821509791	0.663245670301	9.53125
2011-10-28_12-30-53_396	0.00981577891598	0.373563218391	27.21875
2011-10-28_12-32-21_902	0.00895299897599	0.0738060781476	64.14062
2011-10-28_12-24-11_858	0.0134940230818	0.163561076605	0.71875
2011-10-28_12-32-17_987	0.0205975141837	0.0465631929047	13.765625
2011-10-28_12-21-44_651	0.0103361933472	0.671317829457	9.26563
2011-10-28_12-26-08_916	0.0129982630497	0.151174668029	22.73437
2011-10-28_12-30-53_396	0.00931149624914	0.371647509579	22.21875
2011-10-28_12-32-21_902	0.00986858769827	0.0781476121563	59.14062
2011-10-28_12-24-11_858	0.0128359028505	0.15734989648	4.28125
2011-10-28_12-32-17_987	0.0199219015078	0.0643015521064	8.765625
2011-10-28_12-30-53_396	0.00989974557606	0.383141762452	17.21875
2011-10-28_12-26-08_916	0.0146097438983	0.17773237998	17.73437
2011-10-28_12-24-11_858	0.0185652983445	0.1966873706	9.28125
2011-10-28_12-33-46_609	0.0161495098277	0.0795454545455	45.59375
2011-10-28_12-32-21_902	0.00866023377536	0.0723589001447	54.14062
2011-10-28_12-32-17_987	0.0207162694878	0.0620842572062	3.765625
2011-10-28_12-21-41_215	0.0103199204794	0.640795381655	14.53125
2011-10-28_12-33-46_609	0.0142188818315	0.0719696969697	40.59375
2011-10-28_12-30-53_396	0.00954491026157	0.386973180077	12.21875
2011-10-28_12-21-44_651	0.0109878956349	0.652713178295	14.26563
2011-10-28_12-26-08_916	0.0128595332306	0.178753830439	12.73437
2011-10-28_12-32-17_987	0.0184902034402	0.0709534368071	1.234375
2011-10-28_12-32-21_902	0.0165569050156	0.0839363241679	49.14062
2011-10-28_12-33-46_609	0.0167788688759	0.0643939393939	35.59375
2011-10-28_12-30-53_396	0.0107727072201	0.404214559387	7.21875
2011-10-28_12-32-17_987	0.0185431312019	0.0665188470067	6.234375
2011-10-28_12-33-46_609	0.0150557558024	0.0757575757576	30.59375
2011-10-28_12-26-08_916	0.0122177235422	0.180796731359	7.73437
2011-10-28_12-32-21_902	0.0160653644368	0.121562952243	44.14062
2011-10-28_12-30-53_396	0.00920318473124	0.400383141762	2.21875
2011-10-28_12-32-17_987	0.0212567853979	0.0776053215078	11.234375
2011-10-28_12-33-46_609	0.0170203493103	0.0492424242424	25.59375
2011-10-28_12-21-44_651	0.0101299483437	0.616279069767	19.26563
2011-10-28_12-21-41_215	0.00999276948929	0.607440667094	19.53125
2011-10-28_12-26-08_916	0.0118348987142	0.17773237998	2.73437
2011-10-28_12-33-46_609	0.0183574524106	0.0643939393939	20.59375
2011-10-28_12-32-21_902	0.0142378984575	0.118668596237	39.14062
2011-10-28_12-32-17_987	0.0188046146337	0.0643015521064	16.234375
2011-10-28_12-33-59_264	0.013422263973	0.146153846154	38.90625
2011-10-28_12-30-53_396	0.00937690435265	0.396551724138	2.78125
2011-10-28_12-33-46_609	0.0134729932891	0.0606060606061	15.59375
2011-10-28_12-32-17_987	0.0209588404691	0.0753880266075	21.234375
2011-10-28_12-26-08_916	0.0122021908117	0.17773237998	2.26563
2011-10-28_12-32-21_902	0.014182490563	0.123010130246	34.14062
2011-10-28_12-30-53_396	0.0100790808051	0.386973180077	7.78125
2011-10-28_12-33-46_609	0.0172314712306	0.0681818181818	10.59375
2011-10-28_12-32-17_987	0.0203436360019	0.0909090909091	26.234375
2011-10-28_12-33-46_609	0.015651324667	0.0681818181818	5.59375
2011-10-28_12-33-59_264	0.0137500499787	0.156643356643	33.90625
2011-10-28_12-30-53_396	0.0109777878414	0.383141762452	12.78125
2011-10-28_12-32-21_902	0.0141278574018	0.127351664255	29.14062
2011-10-28_12-26-08_916	0.0124788132631	0.178753830439	7.26563
2011-10-28_12-21-44_651	0.0107024362828	0.608527131783	24.26563
2011-10-28_12-33-46_609	0.0155708303135	0.0643939393939	0.59375
2011-10-28_12-21-41_215	0.0104215500811	0.595894804362	24.53125
2011-10-28_12-33-46_609	0.0138142891001	0.0606060606061	4.40625
2011-10-28_12-32-21_902	0.0134723826506	0.125904486252	24.14062
2011-10-28_12-33-46_609	0.0150539441269	0.0643939393939	9.40625
2011-10-28_12-33-59_264	0.0134417746901	0.160839160839	28.90625
2011-10-28_12-34-04_096	0.0142125788166	0.279926335175	42.70312
2011-10-28_12-32-21_902	0.0132376132582	0.13024602026	19.14062
2011-10-28_12-21-44_651	0.0117782208432	0.607751937984	29.26563
2011-10-28_12-34-04_096	0.0165037226056	0.32044198895	37.70312
2011-10-28_12-21-41_215	0.00992201576284	0.579217447081	29.53125
2011-10-28_12-32-21_902	0.0141341976595	0.136034732272	14.14062
2011-10-28_12-37-28_240	0.0132454474649	0.429752066116	70.5
2011-10-28_12-33-59_264	0.0148307515314	0.190909090909	23.90625
2011-10-28_12-34-04_096	0.0131170119363	0.314917127072	32.70312
2011-10-28_12-32-21_902	0.0133637997979	0.134587554269	9.14062
2011-10-28_12-37-20_476	0.0160089064402	0.428880866426	63.015625
2011-10-28_12-37-28_240	0.0129027349097	0.429752066116	65.5
2011-10-28_12-21-44_651	0.0127064961037	0.602325581395	34.26563
2011-10-28_12-34-04_096	0.0119456758571	0.325966850829	27.70312
2011-10-28_12-33-59_264	0.0135677336539	0.195104895105	18.90625
2011-10-28_12-38-44_917	0.0154698633032	0.206755373593	46.53125
2011-10-28_12-37-28_240	0.0106666089785	0.427685950413	60.5
2011-10-28_12-21-41_215	0.010474987549	0.57152020526	34.53125
2011-10-28_12-34-04_096	0.0114889284778	0.342541436464	22.70312
2011-10-28_12-37-28_240	0.0104914298458	0.417355371901	55.5
2011-10-28_12-38-44_917	0.0178879879562	0.227226202661	41.53125
2011-10-28_12-37-20_476	0.0146563024216	0.432490974729	58.015625
2011-10-28_12-33-59_264	0.012428679192	0.197202797203	13.90625
2011-10-28_12-34-04_096	0.016492212596	0.429097605893	17.70312
2011-10-28_12-21-44_651	0.0136748785674	0.596124031008	39.26563
2011-10-28_12-37-28_240	0.0179635480984	0.547520661157	50.5
2011-10-28_12-34-04_096	0.014616623106	0.449355432781	12.70312
2011-10-28_12-39-00_773	0.0184302886521	0.0738916256158	78.765625
2011-10-28_12-38-44_917	0.0163055948236	0.235414534289	36.53125
2011-10-28_12-37-28_240	0.00867591193292	0.427685950413	45.5
2011-10-28_12-21-41_215	0.0115873161719	0.57152020526	39.53125
2011-10-28_12-33-59_264	0.0119511436286	0.197902097902	8.90625
2011-10-28_12-34-04_096	0.012877439422	0.453038674033	7.70312
2011-10-28_12-37-20_476	0.0140252490141	0.449097472924	53.015625
2011-10-28_12-37-28_240	0.01615086801	0.580578512397	40.5
2011-10-28_12-38-44_917	0.0159879890658	0.251791197544	31.53125
2011-10-28_12-34-04_096	0.011687784535	0.451197053407	2.70312
2011-10-28_12-39-00_773	0.0141431957952	0.0574712643678	73.765625
2011-10-28_12-33-59_264	0.0126634218565	0.195804195804	3.90625
2011-10-28_12-37-28_240	0.0156659948887	0.613636363636	35.5
2011-10-28_12-34-04_096	0.0115294231759	0.451197053407	2.29688
2011-10-28_12-38-44_917	0.0167440397124	0.28966223132	26.53125
2011-10-28_12-39-15_558	0.0144101302243	0.0837937384899	74.09375
2011-10-28_12-37-20_476	0.0129523998713	0.457761732852	48.015625
2011-10-28_12-37-28_240	0.0136603806834	0.607438016529	30.5
2011-10-28_12-39-00_773	0.0185554443258	0.0689655172414	68.765625
2011-10-28_12-34-04_096	0.0119003321718	0.443830570902	7.29688
2011-10-28_12-33-59_264	0.0139435233367	0.195104895105	1.09375
2011-10-28_12-39-58_747	0.0178809498151	0.101604278075	56.75
2011-10-28_12-38-44_917	0.0162883038428	0.324462640737	21.53125
2011-10-28_12-39-58_747	0.0172906322069	0.101604278075	51.75
2011-10-28_12-37-28_240	0.0120159781875	0.603305785124	25.5
2011-10-28_12-34-04_096	0.0140463482269	0.436464088398	12.29688
2011-10-28_12-39-15_558	0.0133988608127	0.0847145488029	69.09375
2011-10-28_12-39-58_747	0.0181746194037	0.0775401069519	46.75
2011-10-28_12-39-00_773	0.0171476355158	0.0886699507389	63.765625
2011-10-28_12-33-59_264	0.014501328567	0.195104895105	6.09375
2011-10-28_12-37-28_240	0.0109373900217	0.603305785124	20.5
2011-10-28_12-37-20_476	0.0125525509992	0.475812274368	43.015625
2011-10-28_12-38-44_917	0.0149239832607	0.367451381781	16.53125
2011-10-28_12-39-58_747	0.0152747085115	0.0882352941176	41.75
2011-10-28_12-39-15_558	0.0146231780118	0.114180478821	64.09375
2011-10-28_12-39-58_747	0.0161741575038	0.0909090909091	36.75
2011-10-28_12-37-28_240	0.0101488287939	0.603305785124	15.5
2011-10-28_12-33-59_264	0.0154052346498	0.195104895105	11.09375
2011-10-28_12-39-00_773	0.0173679677152	0.0870279146141	58.765625
2011-10-28_12-38-44_917	0.011859376252	0.431934493347	11.53125
2011-10-28_12-39-58_747	0.0169845056862	0.0855614973262	31.75
2011-10-28_12-37-20_476	0.0117916025521	0.489530685921	38.015625
2011-10-28_12-39-58_747	0.0152369233496	0.0855614973262	26.75
2011-10-28_12-39-15_558	0.0151627270172	0.0930018416206	59.09375
2011-10-28_12-38-44_917	0.0103247197184	0.436028659161	6.53125
2011-10-28_12-33-59_264	0.0151560825073	0.177622377622	16.09375
2011-10-28_12-39-00_773	0.0186628211674	0.0853858784893	53.765625
2011-10-28_12-39-58_747	0.0161422222388	0.0828877005348	21.75
2011-10-28_12-40-05_400	0.0169042025414	0.14668652271	49.65625
2011-10-28_12-39-58_747	0.0141072857931	0.0935828877005	16.75
2011-10-28_12-39-15_558	0.0136254492232	0.17679558011	54.09375
2011-10-28_12-38-44_917	0.00992793751733	0.421699078813	1.53125
2011-10-28_12-37-20_476	0.0110037465982	0.501083032491	33.015625
2011-10-28_12-39-58_747	0.0134722259226	0.0855614973262	11.75
2011-10-28_12-40-28_231	0.0117322259471	0.3	29.73437
2011-10-28_12-39-00_773	0.0203992024678	0.068144499179	48.765625
2011-10-28_12-40-05_400	0.0154313018137	0.18242740134	44.65625
2011-10-28_12-39-58_747	0.0121968478338	0.0855614973262	6.75
2011-10-28_12-39-15_558	0.0129739691429	0.158379373849	49.09375
2011-10-28_12-38-44_917	0.0115763659966	0.418628454452	3.46875
2011-10-28_12-39-58_747	0.0125995933435	0.0775401069519	1.75
2011-10-28_12-40-28_231	0.0108808124713	0.302830188679	24.73437
2011-10-28_12-39-00_773	0.0158340088913	0.125615763547	43.765625
2011-10-28_12-40-32_561	0.0134824734345	0.2175	26.29687
2011-10-28_12-37-20_476	0.0106258166289	0.520577617329	28.015625
2011-10-28_12-40-05_400	0.0156767030594	0.193596425912	39.65625
2011-10-28_12-38-44_917	0.0135484839071	0.401228249744	8.46875
2011-10-28_12-39-15_558	0.0125850180208	0.178637200737	44.09375
2011-10-28_12-40-28_231	0.00996823603177	0.299056603774	19.73437
2011-10-28_12-40-32_561	0.0141701524574	0.24	21.29687
2011-10-28_12-39-00_773	0.0171229679293	0.164203612479	38.765625
2011-10-28_12-39-15_558	0.0130571922458	0.186924493554	39.09375
2011-10-28_12-41-56_413	0.0157311604132	0.0776470588235	40.5
2011-10-28_12-40-05_400	0.0151523529961	0.199553239017	34.65625
2011-10-28_12-40-28_231	0.010396735864	0.300943396226	14.73437
2011-10-28_12-37-20_476	0.00968599752535	0.547292418773	23.015625
2011-10-28_12-40-32_561	0.0137155858943	0.246666666667	16.29687
2011-10-28_12-41-56_413	0.0152956304575	0.110588235294	35.5
2011-10-28_12-39-00_773	0.0167074114226	0.17816091954	33.765625
2011-10-28_12-41-56_413	0.0146917214143	0.134117647059	30.5
2011-10-28_12-39-15_558	0.0126733878151	0.190607734807	34.09375
2011-10-28_12-40-28_231	0.0107777343462	0.3	9.73437
2011-10-28_12-40-05_400	0.0155748018164	0.217423678332	29.65625
2011-10-28_12-40-32_561	0.0129954674609	0.265	11.29687
2011-10-28_12-41-56_413	0.0149722873722	0.138823529412	25.5
2011-10-28_12-39-00_773	0.0154108050439	0.185550082102	28.765625
2011-10-28_12-37-20_476	0.0091524317849	0.58844765343	18.015625
2011-10-28_12-41-56_413	0.0144746302273	0.138823529412	20.5
2011-10-28_12-40-28_231	0.0119042829672	0.302830188679	4.73437
2011-10-28_12-39-15_558	0.0138494304621	0.209944751381	29.09375
2011-10-28_12-40-05_400	0.0165272056277	0.218912881608	24.65625
2011-10-28_12-40-32_561	0.0115996650033	0.265833333333	6.29687
2011-10-28_12-41-56_413	0.0141112799301	0.138823529412	15.5
2011-10-28_12-39-00_773	0.0149420931149	0.1986863711	23.765625
2011-10-28_12-41-56_413	0.0135172938199	0.136470588235	10.5
2011-10-28_12-44-10_583	0.0195820013275	0.110458911419	48.45312
2011-10-28_12-40-28_231	0.0131402420692	0.301886792453	0.26563
2011-10-28_12-39-15_558	0.0137602337769	0.232965009208	24.09375
2011-10-28_12-40-32_561	0.0110101358097	0.268333333333	1.29687
2011-10-28_12-37-20_476	0.006360789265	0.593501805054	13.015625
2011-10-28_12-41-56_413	0.0129888268069	0.134117647059	5.5
2011-10-28_12-40-05_400	0.0192744856327	0.260610573343	19.65625
2011-10-28_12-41-56_413	0.0142610303879	0.138823529412	0.5
2011-10-28_12-40-28_231	0.0151810771423	0.301886792453	5.26563
2011-10-28_12-40-32_561	0.0109159670009	0.2675	3.70313
2011-10-28_12-39-15_558	0.0117404456516	0.2394106814	19.09375
2011-10-28_12-41-56_413	0.0141412384642	0.129411764706	4.5
2011-10-28_12-40-05_400	0.0179678480044	0.300819061802	14.65625
2011-10-28_12-41-56_413	0.016011188314	0.108235294118	9.5
2011-10-28_12-44-10_583	0.0154947836206	0.142475987193	43.45312
2011-10-28_12-40-28_231	0.0180276976423	0.299056603774	10.26563
2011-10-28_12-37-20_476	0.00589884944341	0.597833935018	8.015625
2011-10-28_12-40-32_561	0.0114001050832	0.2675	8.70313
2011-10-28_12-41-56_413	0.0181845554369	0.103529411765	14.5
2011-10-28_12-40-05_400	0.0149463118014	0.316455696203	9.65625
2011-10-28_12-40-28_231	0.0124668139472	0.197169811321	15.26563
2011-10-28_12-40-32_561	0.0119889814312	0.2675	13.70313
2011-10-28_12-45-09_775	0.012453593469	0.232120451694	46.6875
2011-10-28_12-46-56_127	0.0143184600435	0.135888501742	42.78125
2011-10-28_12-40-05_400	0.0120814809284	0.342516753537	4.65625
2011-10-28_12-44-10_583	0.0182098173274	0.160618996798	38.45312
2011-10-28_12-40-28_231	0.0129673458399	0.199056603774	20.26563
2011-10-28_12-46-50_105	0.0104293519894	0.119318181818	47.78125
2011-10-28_12-40-32_561	0.0120957962418	0.264166666667	18.70313
2011-10-28_12-45-09_775	0.00863727250665	0.232120451694	41.6875
2011-10-28_12-46-56_127	0.0146705269889	0.1393728223	37.78125
2011-10-28_12-46-50_105	0.0101956840639	0.119318181818	42.78125
2011-10-28_12-46-50_105	0.014481743674	0.142045454545	37.78125
2011-10-28_12-46-56_127	0.0155184741774	0.142857142857	32.78125
2011-10-28_12-40-28_231	0.013138606027	0.197169811321	25.26563
2011-10-28_12-46-50_105	0.010790387167	0.130681818182	32.78125
2011-10-28_12-45-09_775	0.0147058599286	0.233375156838	36.6875
2011-10-28_12-40-05_400	0.00906113073394	0.344005956813	0.34375
2011-10-28_12-46-56_127	0.0132711694938	0.135888501742	27.78125
2011-10-28_12-40-32_561	0.0125552199793	0.2625	23.70313
2011-10-28_12-46-59_923	0.0174553597897	0.103448275862	45.48437
2011-10-28_12-46-50_105	0.0110855472229	0.130681818182	27.78125
2011-10-28_12-46-56_127	0.0139310662098	0.1393728223	22.78125
2011-10-28_12-46-50_105	0.0152865818726	0.147727272727	22.78125
2011-10-28_12-45-09_775	0.0111365046681	0.233375156838	31.6875
2011-10-28_12-44-10_583	0.0168866871994	0.163287086446	33.45312
2011-10-28_12-46-50_105	0.0167327935358	0.159090909091	17.78125
2011-10-28_12-46-56_127	0.0143156618899	0.135888501742	17.78125
2011-10-28_12-46-59_923	0.0174391421872	0.102068965517	40.48437
2011-10-28_12-40-32_561	0.0133871936107	0.260833333333	28.70313
2011-10-28_12-40-05_400	0.00885932704726	0.34921816828	5.34375
2011-10-28_12-46-50_105	0.0112747532496	0.153409090909	12.78125
2011-10-28_12-46-56_127	0.0155227502179	0.142857142857	12.78125
2011-10-28_12-45-09_775	0.0134185102376	0.232120451694	26.6875
2011-10-28_12-46-50_105	0.0181241785075	0.170454545455	7.78125
2011-10-28_12-46-56_127	0.0151292937815	0.146341463415	7.78125
2011-10-28_12-46-59_923	0.0168126937552	0.102068965517	35.48437
2011-10-28_12-46-50_105	0.00824005926474	0.153409090909	2.78125
2011-10-28_12-46-56_127	0.0130748388497	0.108013937282	2.78125
2011-10-28_12-47-26_800	0.00893527204377	0.329571106095	51.15625
2011-10-28_12-45-09_775	0.0123201430692	0.232120451694	21.6875
2011-10-28_12-46-50_105	0.00738998538229	0.153409090909	2.21875
2011-10-28_12-46-56_127	0.014722733557	0.149825783972	2.21875
2011-10-28_12-44-10_583	0.0152868736675	0.169156883671	28.45312
2011-10-28_12-46-59_923	0.0177097114364	0.0937931034483	30.48437
2011-10-28_12-46-50_105	0.0125803629963	0.164772727273	7.21875
2011-10-28_12-47-26_800	0.0105146400366	0.338600451467	46.15625
2011-10-28_12-46-56_127	0.0147843926104	0.142857142857	7.21875
2011-10-28_12-47-58_132	0.00957417431625	0.138405132906	38.54687
2011-10-28_12-45-09_775	0.0157007716679	0.227101631117	16.6875
2011-10-28_12-46-56_127	0.014931444589	0.1393728223	12.21875
2011-10-28_12-47-26_800	0.00957226434268	0.336343115124	41.15625
2011-10-28_12-46-59_923	0.011047289796	0.186206896552	25.48437
2011-10-28_12-47-26_800	0.0104938075964	0.34762979684	36.15625
2011-10-28_12-45-09_775	0.0133718710218	0.233375156838	11.6875
2011-10-28_12-48-02_212	0.0164332046176	0.059902200489	35.15625
2011-10-28_12-46-59_923	0.0186877680233	0.0868965517241	20.48437
2011-10-28_12-47-58_132	0.00931787128909	0.138405132906	33.54687
2011-10-28_12-44-10_583	0.0157393161333	0.17129135539	23.45312
2011-10-28_12-47-26_800	0.00997651278314	0.34762979684	31.15625
2011-10-28_12-45-09_775	0.0129618526745	0.232120451694	6.6875
2011-10-28_12-46-59_923	0.0126042651437	0.270344827586	15.48437
2011-10-28_12-48-02_212	0.0154635430649	0.0635696821516	30.15625
2011-10-28_12-47-26_800	0.00906424407102	0.343115124153	26.15625
2011-10-28_12-47-58_132	0.0117527315374	0.156736938588	28.54687
2011-10-28_12-46-59_923	0.0140198083074	0.137931034483	10.48437
2011-10-28_12-45-09_775	0.015868346761	0.225846925972	1.6875
2011-10-28_12-48-02_212	0.0196348458422	0.0427872860636	25.15625
2011-10-28_12-47-26_800	0.00918979146931	0.345372460497	21.15625
2011-10-28_12-48-05_445	0.00881694808525	0.301067615658	38.3125
2011-10-28_12-49-09_585	0.00841097815444	0.320143884892	18.04687
2011-10-28_12-44-10_583	0.0145575931246	0.163820704376	18.45312
2011-10-28_12-46-59_923	0.010738582312	0.27724137931	5.48437
2011-10-28_12-47-26_800	0.00922599864663	0.345372460497	16.15625
2011-10-28_12-47-58_132	0.011119790433	0.157653528873	23.54687
2011-10-28_12-45-09_775	0.0138134773796	0.23086574655	3.3125
2011-10-28_12-48-02_212	0.0138654699149	0.0672371638142	20.15625
2011-10-28_12-47-26_800	0.00946638967982	0.345372460497	11.15625
2011-10-28_12-49-09_585	0.0080402110759	0.322841726619	13.04687
2011-10-28_12-46-59_923	0.0143143958972	0.278620689655	0.48437
2011-10-28_12-45-09_775	0.0168342061846	0.224592220828	8.3125
2011-10-28_12-48-02_212	0.0195420939328	0.0586797066015	15.15625
2011-10-28_12-48-05_445	0.0125034067111	0.355160142349	33.3125
2011-10-28_12-47-26_800	0.00990024683024	0.345372460497	6.15625
2011-10-28_12-47-58_132	0.0106882381688	0.163153070577	18.54687
2011-10-28_12-46-59_923	0.0149980021154	0.228965517241	4.51563
2011-10-28_12-49-09_585	0.00914364076568	0.321942446043	8.04687
2011-10-28_12-44-10_583	0.0159874107304	0.180362860192	13.45312
2011-10-28_12-47-26_800	0.0105641148063	0.345372460497	1.15625
2011-10-28_12-48-02_212	0.01676833665	0.0855745721271	10.15625
2011-10-28_12-46-59_923	0.0155369995852	0.182068965517	9.51563
2011-10-28_12-47-26_800	0.0102982562907	0.336343115124	3.84375
2011-10-28_12-47-58_132	0.00977669831644	0.163153070577	13.54687
2011-10-28_12-48-05_445	0.0109854444136	0.354448398577	28.3125
2011-10-28_12-48-02_212	0.0116274232377	0.0843520782396	5.15625
2011-10-28_12-49-09_585	0.0106976934156	0.312949640288	3.04687
2011-10-28_12-44-10_583	0.0177164839693	0.18249733191	8.45312
2011-10-28_12-47-58_132	0.00985946874906	0.16590284143	8.54687
2011-10-28_12-48-02_212	0.0125578211587	0.0929095354523	0.15625
2011-10-28_12-49-12_604	0.0133280269761	0.204569055036	14.26562
2011-10-28_12-49-09_585	0.0100673334885	0.284172661871	1.95313
2011-10-28_12-50-25_977	0.0154068619277	0.162303664921	53.09375
2011-10-28_12-48-05_445	0.00999266271874	0.360142348754	23.3125
2011-10-28_12-48-02_212	0.0122748606354	0.0843520782396	4.84375
2011-10-28_12-47-58_132	0.00879396029344	0.159486709441	3.54687
2011-10-28_12-49-12_604	0.0145299424709	0.191069574247	9.26562
2011-10-28_12-49-09_585	0.0110622465357	0.277877697842	6.95313
2011-10-28_12-44-10_583	0.0173308576862	0.179829242263	3.45312
2011-10-28_12-50-25_977	0.010604873264	0.253926701571	48.09375
2011-10-28_12-48-02_212	0.0136550118355	0.078239608802	9.84375
2011-10-28_12-49-12_604	0.0146579387367	0.209761163032	4.26562
2011-10-28_12-47-58_132	0.00816802836151	0.160403299725	1.45313
2011-10-28_12-50-28_916	0.00835505628994	0.141346153846	51.5
2011-10-28_12-48-05_445	0.00869918400623	0.362277580071	18.3125
2011-10-28_12-49-09_585	0.0114671006149	0.26618705036	11.95313
2011-10-28_12-50-25_977	0.0102097614403	0.260471204188	43.09375
2011-10-28_12-49-12_604	0.0167080056075	0.153686396677	0.73438
2011-10-28_12-48-02_212	0.0151708975558	0.0721271393643	14.84375
2011-10-28_12-44-10_583	0.018227155962	0.172358591249	1.54688
2011-10-28_12-47-58_132	0.0110508825767	0.159486709441	6.45313
2011-10-28_12-50-28_916	0.00900420157748	0.142307692308	46.5
2011-10-28_12-50-25_977	0.00938993312907	0.263089005236	38.09375
2011-10-28_12-49-09_585	0.0118519299275	0.253597122302	16.95313
2011-10-28_12-49-12_604	0.0158115570155	0.142263759086	5.73438
2011-10-28_12-48-02_212	0.0145171888369	0.0293398533007	19.84375
2011-10-28_12-47-58_132	0.00530444137241	0.153070577452	11.45313
2011-10-28_12-48-05_445	0.010630261839	0.386476868327	13.3125
2011-10-28_12-50-28_916	0.00939088717058	0.142307692308	41.5
2011-10-28_12-50-25_977	0.00935056063039	0.272251308901	33.09375
2011-10-28_12-49-12_604	0.0169395352726	0.126687435099	10.73438
2011-10-28_12-44-10_583	0.0187636223376	0.155816435432	6.54688
2011-10-28_12-49-09_585	0.0132620023067	0.245503597122	21.95313
2011-10-28_12-47-58_132	0.00876528177542	0.157653528873	16.45313
2011-10-28_12-50-28_916	0.00870235253608	0.160576923077	36.5
2011-10-28_12-50-25_977	0.0137627586378	0.329842931937	28.09375
2011-10-28_12-49-12_604	0.0196673348364	0.116303219107	15.73438
2011-10-28_12-48-05_445	0.0120002704091	0.432028469751	8.3125
2011-10-28_12-49-09_585	0.0132251240584	0.241007194245	26.95313
2011-10-28_12-50-25_977	0.0140066673543	0.374345549738	23.09375
2011-10-28_12-50-28_916	0.010537031049	0.150961538462	31.5
2011-10-28_12-49-12_604	0.0169075687997	0.115264797508	20.73438
2011-10-28_12-50-32_083	0.0168475198866	0.0879120879121	53.26562
2011-10-28_12-51-19_399	0.0141551911208	0.0612777053455	40.01562
2011-10-28_12-49-09_585	0.0126979236421	0.232014388489	31.95313
2011-10-28_12-50-25_977	0.0131730842742	0.407068062827	18.09375
2011-10-28_12-48-05_445	0.0116071398617	0.506761565836	3.3125
2011-10-28_12-50-28_916	0.00907269456422	0.157692307692	26.5
2011-10-28_12-49-12_604	0.0178757576814	0.107995846314	25.73438
2011-10-28_12-51-19_399	0.0191523305425	0.0769230769231	35.01562
2011-10-28_12-50-32_083	0.0178450623105	0.102040816327	48.26562
2011-10-28_12-50-25_977	0.0111034627211	0.414921465969	13.09375
2011-10-28_12-49-09_585	0.0114824518923	0.214928057554	36.95313
2011-10-28_12-50-28_916	0.0155617566849	0.243269230769	21.5
2011-10-28_12-51-19_399	0.0152147667611	0.0717079530639	30.01562
2011-10-28_12-49-12_604	0.0161513518844	0.115264797508	30.73438
2011-10-28_12-50-25_977	0.00919246881752	0.421465968586	8.09375
2011-10-28_12-50-32_083	0.0173675942292	0.102825745683	43.26562
2011-10-28_12-48-05_445	0.00932228678507	0.519572953737	1.6875
2011-10-28_12-51-22_410	0.0152345152208	0.225102319236	41.17187
2011-10-28_12-51-19_399	0.0132065348132	0.0664928292047	25.01562
2011-10-28_12-50-28_916	0.0138119116055	0.271153846154	16.5
2011-10-28_12-50-25_977	0.0101243588439	0.439790575916	3.09375
2011-10-28_12-49-12_604	0.017705633168	0.122533748702	35.73438
2011-10-28_12-51-19_399	0.0188268573241	0.0677966101695	20.01562
2011-10-28_12-50-32_083	0.0169663281005	0.103610675039	38.26562
2011-10-28_12-48-05_445	0.0099819401478	0.51103202847	6.6875
2011-10-28_12-50-25_977	0.0101780447394	0.438481675393	1.90625
2011-10-28_12-50-28_916	0.00882655811556	0.273076923077	11.5
2011-10-28_12-51-19_399	0.0168887901248	0.0651890482399	15.01562
2011-10-28_12-49-12_604	0.019992616627	0.104880581516	40.73438
2011-10-28_12-51-22_410	0.0143450677368	0.224647567076	36.17187
2011-10-28_12-50-32_083	0.0164708682137	0.105180533752	33.26562
2011-10-28_12-50-28_916	0.0050078296439	0.273076923077	6.5
2011-10-28_12-51-19_399	0.0173152136703	0.0769230769231	10.01562
2011-10-28_12-51-25_790	0.0162266022538	0.12712360867	52.25
2011-10-28_12-48-05_445	0.0119122641912	0.506049822064	11.6875
2011-10-28_12-50-32_083	0.0182351956403	0.107535321821	28.26562
2011-10-28_12-51-19_399	0.0143837685708	0.113428943937	5.01562
2011-10-28_12-52-45_869	0.0181067060241	0.0780379041249	58.45312
2011-10-28_12-50-28_916	0.00744616894695	0.276923076923	1.5
2011-10-28_12-51-19_399	0.0153013923659	0.112125162973	0.01562
2011-10-28_12-51-22_410	0.0142890911962	0.245111414279	31.17187
2011-10-28_12-50-32_083	0.01267803334	0.0894819466248	23.26562
2011-10-28_12-52-45_869	0.0149592812512	0.148272017837	53.45312
2011-10-28_12-51-25_790	0.0168850240243	0.154657293497	47.25
2011-10-28_12-48-05_445	0.0125608346106	0.486120996441	16.6875
2011-10-28_12-50-28_916	0.0128108163916	0.275961538462	3.5
2011-10-28_12-51-19_399	0.0138950431577	0.0912646675359	4.98438
2011-10-28_12-52-49_315	0.0145084154496	0.100911002102	52.85937
2011-10-28_12-52-45_869	0.0136216531457	0.144927536232	48.45312
2011-10-28_12-50-32_083	0.0121363362647	0.0886970172684	18.26562
2011-10-28_12-51-19_399	0.0151427222194	0.109517601043	9.98438
2011-10-28_12-51-22_410	0.0134321800351	0.25193269668	26.17187
2011-10-28_12-51-25_790	0.0159554130116	0.148799062683	42.25
2011-10-28_12-52-45_869	0.0139824770593	0.15607580825	43.45312
2011-10-28_12-50-32_083	0.0122185246332	0.0886970172684	13.26562
2011-10-28_12-51-19_399	0.0147331193699	0.109517601043	14.98438
2011-10-28_12-52-56_242	0.017878569114	0.205298013245	67.203125
2011-10-28_12-52-49_315	0.015970316459	0.110021023125	47.85937
2011-10-28_12-52-45_869	0.0126119627006	0.158305462653	38.45312
2011-10-28_12-53-00_074	0.0182081499305	0.075329566855	72.109375
2011-10-28_12-50-32_083	0.0129063537816	0.0879120879121	8.26562
2011-10-28_12-52-56_242	0.013938006551	0.279470198675	62.203125
2011-10-28_12-53-00_074	0.0171479842031	0.0715630885122	67.109375
2011-10-28_12-51-25_790	0.0153976593206	0.145869947276	37.25
2011-10-28_12-52-45_869	0.0126260373638	0.176142697882	33.45312
2011-10-28_12-51-22_410	0.0134037323547	0.258299226921	21.17187
2011-10-28_12-52-49_315	0.0158855385518	0.114225648213	42.85937
2011-10-28_12-50-32_083	0.0143622959981	0.0902668759812	3.26562
2011-10-28_12-52-56_242	0.0135662230761	0.288741721854	57.203125
2011-10-28_12-53-00_074	0.0154947569199	0.0696798493409	62.109375
2011-10-28_12-52-45_869	0.0121436325585	0.1872909699	28.45312
2011-10-28_12-52-56_242	0.0123709316946	0.286092715232	52.203125
2011-10-28_12-50-32_083	0.013675415559	0.0949764521193	1.73438
2011-10-28_12-53-00_074	0.0105993276944	0.175141242938	57.109375
2011-10-28_12-54-13_272	0.0174391553343	0.145785876993	48.42187
2011-10-28_12-52-49_315	0.0159580717757	0.119131044149	37.85937
2011-10-28_12-51-25_790	0.0146814246281	0.169888693615	32.25
2011-10-28_12-52-45_869	0.0107735709312	0.190635451505	23.45312
2011-10-28_12-51-22_410	0.0145015731278	0.268758526603	16.17187
2011-10-28_12-53-00_074	0.0163152591746	0.184557438795	52.109375
2011-10-28_12-52-56_242	0.0114686656261	0.298013245033	47.203125
2011-10-28_12-52-45_869	0.0119705512065	0.200668896321	18.45312
2011-10-28_12-53-00_074	0.0143143318195	0.112994350282	47.109375
2011-10-28_12-52-49_315	0.0147415250218	0.116327960757	32.85937
2011-10-28_12-52-56_242	0.0114369695699	0.317880794702	42.203125
2011-10-28_12-54-13_272	0.0168597636139	0.148063781321	43.42187
2011-10-28_12-53-00_074	0.0132542488195	0.227871939736	42.109375
2011-10-28_12-52-45_869	0.0102001571031	0.196209587514	13.45312
2011-10-28_12-51-25_790	0.0160607813551	0.16813122437	27.25
2011-10-28_12-51-22_410	0.0128546267997	0.261937244202	11.17187
2011-10-28_12-53-00_074	0.0128194881971	0.274952919021	37.109375
2011-10-28_12-52-56_242	0.0104099788281	0.329801324503	37.203125
2011-10-28_12-54-17_137	0.0164214206762	0.179834462002	44.48437
2011-10-28_12-52-45_869	0.0101444211306	0.192865105909	8.45312
2011-10-28_12-52-49_315	0.0133982475294	0.114225648213	27.85937
2011-10-28_12-53-00_074	0.0109175205015	0.274952919021	32.109375
2011-10-28_12-54-13_272	0.0167708054706	0.148063781321	38.42187
2011-10-28_12-52-56_242	0.00976407464062	0.333774834437	32.203125
2011-10-28_12-52-45_869	0.0110595952572	0.192865105909	3.45312
2011-10-28_12-51-25_790	0.0158125810395	0.199765670767	22.25
2011-10-28_12-53-00_074	0.010416173028	0.273069679849	27.109375
2011-10-28_12-54-17_137	0.0163365814819	0.19337848006	39.48437
2011-10-28_12-52-49_315	0.012765248476	0.114926419061	22.85937
2011-10-28_12-52-56_242	0.0104738014569	0.33642384106	27.203125
2011-10-28_12-51-22_410	0.0124073718381	0.260572987722	6.17187
2011-10-28_12-53-00_074	0.0115704171833	0.273069679849	22.109375
2011-10-28_12-54-13_272	0.0170363268848	0.149202733485	33.42187
2011-10-28_12-52-56_242	0.0120433292977	0.331125827815	22.203125
2011-10-28_12-53-00_074	0.0127991625841	0.271186440678	17.109375
2011-10-28_12-52-49_315	0.0130045380871	0.117028731605	17.85937
2011-10-28_12-54-17_137	0.0155536526703	0.20015048909	34.48437
2011-10-28_12-51-25_790	0.0152512981518	0.205623901582	17.25
2011-10-28_12-52-56_242	0.0137157033665	0.328476821192	17.203125
2011-10-28_12-52-49_315	0.0130926993931	0.124737210932	12.85937
2011-10-28_12-51-22_410	0.0122705991211	0.256025466121	1.17187
2011-10-28_12-54-13_272	0.0168376795822	0.192482915718	28.42187
2011-10-28_12-52-56_242	0.0140950560656	0.332450331126	12.203125
2011-10-28_12-54-17_137	0.0153125200067	0.212189616253	29.48437
2011-10-28_12-55-35_992	0.0151555352316	0.109322033898	4.14062
2011-10-28_12-52-49_315	0.0146849058872	0.154169586545	7.85937
2011-10-28_12-51-25_790	0.01597639964	0.231400117165	12.25
2011-10-28_12-56-32_511	0.0145743585897	0.0503842869342	3.0
2011-10-28_12-55-35_992	0.0161881385447	0.116101694915	0.85938
2011-10-28_12-54-17_137	0.0146668017887	0.222723852521	24.48437
2011-10-28_12-51-22_410	0.0125754340351	0.25011368804	3.82813
2011-10-28_12-54-13_272	0.0158917808751	0.219817767654	23.42187
2011-10-28_12-52-49_315	0.0134814534953	0.177295024527	2.85937
2011-10-28_12-56-32_511	0.0158486986283	0.0452604611443	2.0
2011-10-28_12-56-39_060	0.0171187585115	0.0906344410876	11.29687
2011-10-28_12-55-35_992	0.015322092142	0.0745762711864	5.85938
2011-10-28_12-51-25_790	0.014985437841	0.236672524897	7.25
2011-10-28_12-52-49_315	0.0139513842188	0.179397337071	2.14063
2011-10-28_12-56-39_060	0.0174411981938	0.0876132930514	6.29687
2011-10-28_12-54-17_137	0.0192382458123	0.291196388262	19.48437
2011-10-28_12-56-32_511	0.0178484531166	0.0341588385995	7.0
2011-10-28_12-54-13_272	0.0123734450289	0.232346241458	18.42187
2011-10-28_12-55-35_992	0.0153102380337	0.105084745763	10.85938
2011-10-28_12-56-39_060	0.0110744496219	0.0755287009063	1.29687
2011-10-28_12-51-22_410	0.0138423624003	0.246475670759	8.82813
2011-10-28_12-56-39_060	0.0120186939506	0.0664652567976	3.70313
2011-10-28_12-51-25_790	0.0155768510607	0.250732278852	2.25
2011-10-28_12-56-32_511	0.019680049716	0.0409906063194	12.0
2011-10-28_12-55-35_992	0.0140593903372	0.106779661017	15.85938
2011-10-28_12-54-17_137	0.0172113302102	0.310007524454	14.48437
2011-10-28_12-56-39_060	0.0125153002049	0.0725075528701	8.70313
2011-10-28_12-56-42_448	0.0112266905795	0.103626943005	3.140625
2011-10-28_12-56-39_060	0.0148974461284	0.0513595166163	13.70313
2011-10-28_12-54-13_272	0.00953433947234	0.234054669704	13.42187
2011-10-28_12-56-32_511	0.0165048320245	0.0401366353544	17.0
2011-10-28_12-51-22_410	0.0149405313672	0.240563892678	13.82813
2011-10-28_12-55-35_992	0.0156042776693	0.100847457627	20.85938
2011-10-28_12-56-39_060	0.0109754888044	0.0574018126888	18.70313
2011-10-28_12-56-42_448	0.0114733077272	0.101899827288	8.140625
2011-10-28_12-51-25_790	0.0146933552011	0.243116578793	2.75
2011-10-28_12-54-17_137	0.0161081596877	0.338600451467	9.48437
2011-10-28_12-56-39_060	0.0194872927172	0.0634441087613	23.70313
2011-10-28_12-56-42_448	0.0118258938772	0.103626943005	13.140625
2011-10-28_12-56-32_511	0.0158621863728	0.0375747224594	22.0
2011-10-28_12-56-39_060	0.0149600387383	0.0725075528701	28.70313
2011-10-28_12-55-35_992	0.0155236195628	0.105084745763	25.85938
2011-10-28_12-54-13_272	0.0093028874187	0.233485193622	8.42187
2011-10-28_12-56-42_448	0.0120608680926	0.101899827288	18.140625
2011-10-28_12-56-39_060	0.0156367080688	0.0725075528701	33.70313
2011-10-28_12-54-17_137	0.0154066198932	0.362678705794	4.48437
2011-10-28_12-57-42_409	0.0149526093191	0.256598240469	37.875
2011-10-28_12-56-42_448	0.0132922401902	0.103626943005	23.140625
2011-10-28_12-56-39_060	0.0162584303433	0.0694864048338	38.70313
2011-10-28_12-56-32_511	0.0169819368967	0.0358667805295	27.0
2011-10-28_12-55-35_992	0.016318253159	0.104237288136	30.85938
2011-10-28_12-57-47_909	0.0110769802691	0.187604690117	36.34375
2011-10-28_12-56-39_060	0.0176542846069	0.0725075528701	43.70313
2011-10-28_12-56-42_448	0.0131579336738	0.0932642487047	28.140625
2011-10-28_12-57-42_409	0.0143979691596	0.256598240469	32.875
2011-10-28_12-54-13_272	0.0113546378001	0.234054669704	3.42187
2011-10-28_12-54-17_137	0.0140136688897	0.361926260346	0.51563
2011-10-28_12-57-47_909	0.0115915592779	0.187604690117	31.34375
2011-10-28_12-56-42_448	0.0128968943204	0.0984455958549	33.140625
2011-10-28_12-55-35_992	0.0166887735902	0.100847457627	35.85938
2011-10-28_12-56-32_511	0.0173346508321	0.0367207514944	32.0
2011-10-28_12-57-42_409	0.0151637775439	0.265395894428	27.875
2011-10-28_12-57-47_909	0.0120756763596	0.187604690117	26.34375
2011-10-28_12-56-42_448	0.0135191984966	0.100172711572	38.140625
2011-10-28_12-54-13_272	0.0136666377269	0.231207289294	1.57813
2011-10-28_12-57-42_409	0.0144402202886	0.260997067449	22.875
2011-10-28_12-54-17_137	0.0133890769084	0.350639578631	5.51563
2011-10-28_12-57-47_909	0.0117435926697	0.184254606365	21.34375
2011-10-28_12-56-32_511	0.0160420839737	0.0478223740393	37.0
2011-10-28_12-55-35_992	0.0180688349708	0.100847457627	40.85938
2011-10-28_12-56-42_448	0.0138649828865	0.100172711572	43.140625
2011-10-28_12-57-47_909	0.0122476652885	0.187604690117	16.34375
2011-10-28_12-57-42_409	0.0136591923448	0.259530791789	17.875
2011-10-28_12-56-42_448	0.0134025771884	0.0967184801382	48.140625
2011-10-28_13-00-01_614	0.0105955142748	0.633496846531	32.390625
2011-10-28_12-56-32_511	0.0182170301287	0.0435525192143	42.0
2011-10-28_12-54-17_137	0.0140434421955	0.349134687735	10.51563
2011-10-28_12-55-35_992	0.0149967378593	0.0889830508475	45.85938
2011-10-28_12-57-47_909	0.0119249027795	0.187604690117	11.34375
2011-10-28_12-54-13_272	0.0146513971963	0.211275626424	6.57813
2011-10-28_12-57-42_409	0.0142958982129	0.265395894428	12.875
2011-10-28_12-56-42_448	0.0136459484598	0.0949913644214	53.140625
2011-10-28_12-57-47_909	0.0114586422822	0.185929648241	6.34375
2011-10-28_12-57-42_409	0.013309004071	0.258064516129	7.875
2011-10-28_12-56-42_448	0.0138453219987	0.0949913644214	58.140625
2011-10-28_12-56-32_511	0.0157161970998	0.0367207514944	47.0
2011-10-28_12-55-35_992	0.015829966488	0.0889830508475	50.85938
2011-10-28_12-57-47_909	0.0116236869434	0.184254606365	1.34375
2011-10-28_13-00-01_614	0.00996855654543	0.641205325858	27.390625
2011-10-28_13-00-06_948	0.0159001259639	0.279176201373	28.96875
2011-10-28_12-57-42_409	0.0133588090114	0.258064516129	2.875
2011-10-28_13-00-12_019	0.0123214166356	0.112737920937	37.23437
2011-10-28_12-57-47_909	0.0125552327772	0.182579564489	3.65625
2011-10-28_13-00-06_948	0.0157531794428	0.304347826087	23.96875
2011-10-28_12-57-42_409	0.0134882771137	0.25219941349	2.125
2011-10-28_13-00-41_047	0.0181922784063	0.0687022900763	154.046875
2011-10-28_12-56-32_511	0.0188629658597	0.0384286934244	52.0
2011-10-28_12-57-47_909	0.0133968316496	0.179229480737	8.65625
2011-10-28_13-00-06_948	0.0142417793785	0.306636155606	18.96875
2011-10-28_13-00-41_047	0.0172752545166	0.0534351145038	159.046875
2011-10-28_13-00-12_019	0.00702425119817	0.111273792094	32.23437
2011-10-28_12-57-42_409	0.0130496399633	0.25366568915	7.125
2011-10-28_13-00-01_614	0.00913523865692	0.64400840925	22.390625
2011-10-28_13-00-41_047	0.0170734412307	0.0648854961832	164.046875
2011-10-28_13-00-06_948	0.0154258810782	0.356979405034	13.96875
2011-10-28_12-57-47_909	0.0129418927076	0.165829145729	13.65625
2011-10-28_13-00-12_019	0.00473811389681	0.117130307467	27.23437
2011-10-28_13-00-41_047	0.0146308703067	0.0610687022901	169.046875
2011-10-28_12-57-42_409	0.0130139577812	0.24633431085	12.125
2011-10-28_13-00-06_948	0.0133928476849	0.37528604119	8.96875
2011-10-28_13-00-41_047	0.0160187457665	0.0648854961832	174.046875
2011-10-28_12-57-47_909	0.011713467656	0.157453936348	18.65625
2011-10-28_13-00-12_019	0.00383080781617	0.115666178624	22.23437
2011-10-28_13-00-41_047	0.0125293389567	0.0496183206107	179.046875
2011-10-28_12-57-42_409	0.0132634991511	0.24633431085	17.125
2011-10-28_13-00-06_948	0.0104303441248	0.361556064073	3.96875
2011-10-28_13-00-01_614	0.0082973441378	0.644709180098	17.390625
2011-10-28_13-00-41_047	0.0172512019533	0.0610687022901	175.953125
2011-10-28_13-00-12_019	0.00297611800612	0.115666178624	17.23437
2011-10-28_13-00-06_948	0.0129163161352	0.361556064073	1.03125
2011-10-28_13-00-41_047	0.0180236906142	0.0648854961832	170.953125
2011-10-28_13-00-41_047	0.0182188239086	0.0572519083969	165.953125
2011-10-28_13-00-12_019	0.0074145139216	0.12298682284	12.23437
2011-10-28_13-00-06_948	0.0143597732605	0.343249427918	6.03125
2011-10-28_13-00-41_047	0.0162115933418	0.0916030534351	160.953125
2011-10-28_13-00-12_019	0.00443321764359	0.121522693997	7.23437
2011-10-28_13-00-06_948	0.0140572927289	0.306636155606	11.03125
2011-10-28_13-00-41_047	0.0153771825229	0.0916030534351	155.953125
2011-10-28_13-00-01_614	0.00756583327452	0.646110721794	12.390625
2011-10-28_13-00-41_047	0.0109315256111	0.0954198473282	150.953125
2011-10-28_13-00-06_948	0.0157722944243	0.308924485126	16.03125
2011-10-28_13-00-12_019	0.00441380588284	0.121522693997	2.23437
2011-10-28_13-00-06_948	0.0164292403703	0.299771167048	21.03125
2011-10-28_13-00-12_019	0.00558757625349	0.120058565154	2.76563
2011-10-28_13-00-06_948	0.017781406303	0.304347826087	26.03125
2011-10-28_13-00-01_614	0.00688205506893	0.646811492642	7.390625
2011-10-28_13-00-12_019	0.00422727829953	0.120058565154	7.76563
2011-10-28_13-00-12_019	0.00457681098352	0.120058565154	12.76563
2011-10-28_13-00-12_019	0.00639053421498	0.12298682284	17.76563
2011-10-28_13-00-01_614	0.00676228758069	0.654519971969	2.390625
2011-10-28_13-00-01_614	0.00629435039882	0.657323055361	2.609375
2011-10-28_13-00-01_614	0.00617502769356	0.658023826209	7.609375
2011-10-28_13-00-01_614	0.00686299233324	0.657323055361	12.609375
2011-10-28_13-00-01_614	0.00765886673435	0.650315346882	17.609375
2011-10-28_13-00-01_614	0.00861185961228	0.643307638402	22.609375
