145608	170	304	303	305	0.7269	1
0.7272
170




145713	170	350	345	355	0.8126	5
0.8250
170




145832	170	299	293	312	0.5482	13
0.5787
169




145902	170	352	351	1	0.6404	9
0.6504
169




145918	170	39	27	44	0.6270	5
0.6552
170




150044	170	351	343	357	0.5243	6
0.5399
173




150239	174	354	341	294	0.2874	60
0.4251
119




150257	270	113	105	112	0.7587	1
0.7650
275




150346	83	238	230	240	0.4464	2
0.4535
84




150417	86	299	283	289	0.4961	10
0.4987
84




150515	169	25	7	35	0.2500	10
0.2838
253




150637	169	302	287	300	0.6811	2
0.7000
168




150648	169	354	335	356	0.6238	2
0.6698
173




150658	169	37	20	310	0.2016	87
0.5934
86




150915	170	311	294	313	0.6425	2
0.6790
167




150938	170	351	341	353	0.7247	2
0.7413
168




150959	170	21	17	25	0.6287	4
0.6347
169




151056	170	355	359	357	0.7134	2
0.7141
167




151244	170	35	37	33	0.6268	2
0.6283
170




151440	170	312	295	314	0.6726	2
0.7105
168




151452	170	349	338	349	0.4481	0
0.4571
167




151508	170	31	24	355	0.3748	36
0.4291
168




151555	170	300	292	293	0.7218	7
0.7218
161




151608	170	352	342	7	0.5115	15
0.5622
183




151624	170	40	35	46	0.6368	6
0.5182	0.3914
176	158




151745	170	290	286	299	0.4676	9
0.4796
167




151759	170	340	334	345	0.5120	5
0.5208
168




151813	170	29	26	41	0.4961	12
0.5148
179




151911	170	301	288	313	0.4755	12
0.5241
174




151927	170	347	336	360	0.6249	13
0.6819
179




151941	170	38	27	39	0.5487	1
0.5605
175




152118	87	280	263	284	0.4462	4
0.4766
92




152149	87	320	301	298	0.5126	22
0.5133
130




152222	87	271	243	246	0.3853	25
0.3858
64




152231	87	310	288	11	0.0318	61
0.2679
258




152341	87	260	245	267	0.5963	7
0.6438
83




152403	87	308	298	314	0.4499	6
0.4675
85




152515	87	264	250	266	0.5288	2
0.5514
83




152529	87	224	206	224	0.4773	0
0.5019
84




152539	87	308	296	308	0.4979	0
0.5088
85




152615	87	215	189	213	0.4747	2
0.5214
81




152717	87	214	204	233	0.5668	19
0.6468
97




152822	87	265	242	249	0.7508	16
0.5583	0.5113
39	76




152947	169	43	28	35	0.3851	8
0.3884
164




153057	169	306	297	314	0.5838	8
0.6094
166




153105	169	352	341	355	0.6770	3
0.6973
164




153117	169	29	23	30	0.5469	1
0.5514
163




153228	169	310	303	316	0.4556	6
0.4668
169




153238	169	354	356	1	0.5484	7
0.5506
168




153255	169	36	41	34	0.6844	2
0.6890
167




153346	169	316	298	289	0.5313	27
0.5373
166




153352	169	347	333	349	0.6556	2
0.6812
165




153401	170	36	21	37	0.4986	1
0.5186
170




153525	170	358	330	355	0.6727	3
0.7408
166




153635	261	90	86	160	0.1284	70
0.4671
331




153656	261	142	138	142	0.5478	0
0.5493
266




153757	170	308	300	311	0.5644	3
0.5741
167




153853	170	353	339	353	0.6309	0
0.6504
169




153913	170	28	19	28	0.6447	0
0.5551	0.3434
169	198




154049	170	313	328	313	0.5575	0
0.5775
167




154106	170	355	340	359	0.6257	4
0.6620
172




154114	170	36	25	31	0.7124	5
0.7161
167




154159	170	351	341	351	0.7726	0
0.7834
165




154212	170	42	29	36	0.6217	6
0.6270
169




154243	170	302	316	313	0.7297	11
0.7309
165




154254	170	351	354	351	0.7320	0
0.7328
168




154317	170	31	27	31	0.5658	0
0.5671
169




154407	170	309	293	311	0.5757	2
0.6052
168




154425	170	29	23	35	0.5125	6
0.5244
169




154457	170	310	291	310	0.5719	0
0.6047
168




154522	170	353	344	358	0.6233	5
0.6423
170




154556	170	312	298	309	0.5447	3
0.5554
143




154655	170	353	337	351	0.5713	2
0.5886
165




154738	262	46	26	67	0.5268	21
0.6171	0.3270
267	293




154820	88	308	290	298	0.5006	10
0.5057
165




154949	170	53	45	52	0.3154	1
0.3177
172




155032	170	351	330	358	0.5271	7
0.5982
173




122123	170	39	26	37	0.7300	2
0.7441
170




122232	170	23	15	30	0.7263	7
0.7514
170




122352	170	352	336	356	0.6827	4
0.7248
168




122516	170	307	294	312	0.6710	5
0.7071
169




122448	170	38	27	38	0.7325	0
0.7454
169




122605	170	355	343	356	0.7835	1
0.8055
168




122625	258	46	34	32	0.5761	14
0.4802	0.3190
171	158




122642	170	311	301	313	0.7188	2
0.7361
169




