115129	205	4	346	2	0.5507	2.0
1.0000
206
5	4
4	5
122	205
1.340	2.773
115424	296	77	58	70	0.5858	7.0
1.0000	1.0000
296	204
9	6
6	9
214	291
6.197	2.919
115543	296	70	63	67	0.6882	3.0
1.0000
297
3
3
299
1.053
115653	296	117	90	116	0.7073	1.0
1.0000
295
6
6	8
308	288
0.681	17.196
115657	206	90	66	87	0.5516	3.0
1.0000	1.0000
298	203
2	-1
2
287
2.338
115605	296	118	101	115	0.8651	3.0
1.0000
296
3
3
296
0.479
115759	295	104	96	106	0.7955	2.0
1.0000
294
1
1	8
301	294
1.021	0.997
115804	295	72	70	72	0.7511	0.0
1.0000
295
2
2
294
3.943
115856	295	156	127	156	0.6762	0.0
1.0000
296
2
2
309
20.488
115908	206	339	320	-21	0.6728	0.0
1.0000	1.0000
206	114
-1	11
4	11
38	114
3.627	12.954
115928	26	258	243	-105	0.5958	3.0
1.0000
26
-1
1	10
66	84
39.965	26.394
115945	26	222	219	-142	0.6609	4.0
1.0000
27
-1
4
45
4.692
115949	295	165	157	164	0.6645	1.0
1.0000	1.0000
294	28
3	-1	9
2	3	9
4	295	272
11.558	1.282	2.049
120126	293	58	24	55	0.5506	3.0
1.0000
295
4
4	7
298	22
1.131	4.223
120132	293	162	124	165	0.5898	3.0
1.0000
296
2
2	4
294	288
1.824	15.427
120219	206	21	347	20	0.5822	1.0
1.0000	1.0000
206	287
9	-1
9
192
8.213
120223	293	138	92	134	0.6464	4.0
1.0000
294
-1
1
317
5.958
120240	293	159	146	156	0.6565	3.0
1.0000	1.0000
294	26
4	7
4	7
298	22
1.131	4.223
120244	nan	114	105	65	0.4561	49.0
1.0000
205
-1	5
5
23
2.668
120249	26	223	211	-136	0.8425	1.0
1.0000
26
8
8
32
8.481
120346	253	128	103	131	0.5753	3.0
1.0000
255
4
4
256
3.769
120352	26	219	203	-143	0.9027	2.0
1.0000
25
3
3
32
2.300
120400	253	100	80	101	0.6845	1.0
1.0000
255
4
4
256
5.143
120445	77	201	179	200	0.3766	1.0
1.0000
74
9
9
71
7.064
120451	26	257	242	-103	0.7140	0.0
1.0000	1.0000
27	73
7	-1
7
25
1.931
120457	77	300	277	-57	0.4691	3.0
1.0000
117
-1	7
7
31
1.931
120745	281	79	47	83	0.7717	4.0
1.0000
280
2
2
281
1.810
120750	281	38	1	39	0.5988	1.0
1.0000
280
2
2
281
1.810
120757	281	147	104	nan	0.0000	nan
0.6937
280
3	6
3	6
280	248
2.133	0.719
120827	281	91	70	95	0.7699	4.0
1.0000
280
5
5
280
0.447
120835	207	52	30	47	0.5783	5.0
1.0000	1.0000
201	278
6	3
3	5	6
283	144	204
5.018	27.975	0.514
120939	101	242	225	-118	0.6402	0.0
1.0000	1.0000
102	10
5	3
3	5
11	102
1.174	0.458
121011	101	279	272	-75	0.7435	6.0
1.0000
102
5	3
3	5
80	102
2.734	6.166
121018	101	236	243	-119	0.5814	5.0
1.0000	1.0000
104	8
6	-1
3	6
108	105
18.167	1.397
121224	104	296	278	-67	1.1193	3.0
1.0000
103
7
7
96
1.649
121323	280	109	99	108	0.7440	1.0
1.0000
279
9
9
280
9.134
121556	192	323	323	-38	0.6106	1.0
1.0000
191
7
7
191
6.740
121601	192	359	356	-5	0.7289	4.0
1.0000
190
-1
9
175
17.272
121638	27	151	157	147	0.5220	4.0
1.0000	1.0000
327	20
-1	-1	4
4	6
280	358
0.583	24.139
121644	281	60	54	63	0.5983	3.0
1.0000	1.0000
285	183
-1	-1
3
204
21.597
122134	118	285	305	-70	0.5961	5.0
1.0000
116
1
1	11
122	117
1.176	9.258
122141	118	323	338	-33	0.8902	4.0
1.0000
115
8
8
115
0.858
122144	118	343	357	-17	0.8701	0.0
1.0000
115
8
8
115
0.858
122319	116	330	294	-27	0.6512	3.0
1.0000
115
-1



122411	193	5	349	4	0.6759	1.0
1.0000
192
5
5
191
2.431
122608	102	331	313	-31	0.6189	2.0
1.0000	1.0000	1.0000
103	146	196
-1	11	8
8	11
192	145
0.949	2.526
123053	98	282	270	-76	0.6244	2.0
1.0000	1.0000
97	17
-1	-1



123217	nan	215	216	-114	0.7853	31.0
1.0000
22
-1



123221	98	301	267	-65	0.6142	6.0
1.0000
88
5
5	7
77	99
3.269	0.253
123346	17	195	179	195	0.4464	0.0
1.0000
20
-1
10	13
236	299
31.039	13.520
123359	27	245	236	-109	0.7119	6.0
1.0000	1.0000
24	121
-1	-1
4
44
12.930
123404	118	303	290	-52	0.9522	5.0
1.0000
106
-1
2	3
173	88
8.418	6.820
123720	294	128	95	126	0.6898	2.0
1.0000	1.0000
293	33
6	-1
3	6
299	293
48.162	2.769
123728	294	166	126	166	0.7180	0.0
1.0000
294
5
1	5
286	297
11.016	3.606
123844	294	95	78	91	0.6933	4.0
1.0000
294
2
2
297
10.441
123900	294	163	114	161	0.6126	2.0
1.0000	1.0000
294	29
2	-1
2	7
295	349
9.074	26.866
123915	207	13	329	5	0.7776	8.0
1.0000
206
4
4	9
206	208
4.880	0.483
123958	117	322	295	-29	0.5840	9.0
1.0000	1.0000
115	209
4	-1
4	8
114	113
2.984	9.745
124005	117	263	243	-92	0.7074	5.0
1.0000
116
2
2
120
2.300
124028	117	315	315	-44	0.7757	1.0
1.0000
115
1
1
116
0.488
124032	117	278	282	-82	0.8231	0.0
1.0000
117
7
6	7
89	119
11.348	1.025
124156	117	337	326	-22	0.6420	1.0
1.0000	1.0000
114	209
5	3
3	5
197	102
1.908	5.454
124410	102	343	325	-20	0.5091	3.0
1.0000	1.0000
102	196
3	-1
3
90
7.024
124650	296	91	73	91	0.6237	0.0
1.0000
295
5
2	4	5
267	248	295
16.358	3.038	0.338
124656	296	159	146	159	0.5563	0.0
1.0000
295
5
5
297
1.742
124659	26	239	224	-121	0.4870	0.0
1.0000
28
7
3	7
120	32
15.252	5.702
124726	296	128	107	136	0.5690	8.0
1.0000
296
5
5
304
3.558
124758	116	335	326	-27	0.6480	2.0
1.0000	1.0000
114	207
8	7
7	8
202	112
13.802	6.797
124802	116	299	294	-60	0.7083	1.0
1.0000
116
8
8
117
3.655
124805	116	260	252	-102	0.6549	2.0
1.0000
117
4
3	4
120	119
16.936	1.393
124909	116	324	336	-39	0.8063	3.0
1.0000
116
2
2
115
0.956
124912	116	270	286	-95	0.8119	5.0
1.0000	1.0000
118	24
4	2
2	4	5
29	114	151
4.214	0.520	10.314
125025	206	345	322	-20	0.6154	5.0
1.0000	1.0000
113	207
7	3
3	7
202	115
4.655	3.096
125028	116	298	276	-68	0.7410	6.0
1.0000
117
1
1
107
4.097
125032	116	254	231	-114	0.5402	8.0
1.0000
117
1
1	9
112	8
0.592	14.090
125119	116	349	339	-10	0.5534	1.0
1.0000
117
-1	6
5	6
181	202
18.838	0.741
125122	116	309	298	-48	0.7214	3.0
1.0000
118
6
5	6
126	127
18.753	2.563
125125	26	248	226	-108	0.6140	4.0
1.0000	1.0000
119	25
6	-1
5	6
97	119
17.605	3.745
125245	116	323	295	-34	0.7112	3.0
1.0000
117
4
4
117
4.877
125249	116	255	232	-106	0.6385	1.0
1.0000	1.0000
117	23
2	-1
2	4
112	64
2.777	3.776
125256	26	179	142	176	0.5073	3.0
1.0000
26
2
1	2
288	27
8.225	2.964
125300	26	150	108	147	0.4526	3.0
1.0000
26
2
1	2
288	27
8.225	2.964
125413	206	44	26	44	0.8359	0.0
1.0000
205
6
6
206
0.589
125417	206	1	347	1	0.7995	0.0
1.0000
205
5
5
206
0.292
125535	163	342	8	-16	0.6834	2.0
1.0000	1.0000
161	115
-1	14
2	14
143	106
13.666	59.051
125632	71	255	282	-50	0.6804	55.0
1.0000	1.0000
75	122
1	4
1	4
70	116
7.729	11.546
125639	nan	320	339	-37	0.4705	3.0
1.0000
118
4
4
118
10.979
125642	340	172	205	-143	0.6393	45.0
1.0000	1.0000	1.0000
27	70	336
-1	-1	-1
12
355
7.341
125742	nan	194	186	-171	0.6426	5.0
1.0000	1.0000
26	72
2	-1
2	3
25	55
0.482	4.630
125747	25	237	231	-126	0.6903	3.0
1.0000
27
1
1
29
0.624
130001	25	174	172	176	0.6891	2.0
1.0000
28
3
3
25
0.681
130006	122	245	246	-114	0.6760	1.0
1.0000	1.0000
117	23
9	8	4
4	8	9
297	34	119
0.808	3.422	3.463
130012	121	323	316	-32	0.5232	5.0
1.0000	1.0000
208	117
-1	1
1
106
8.820
