115129	205	4	346	284	0.2032	80
0.4305
127
4
4	5
121	204
1.340	2.773
115424	296	77	58	122	0.2028	45
0.4719
259
-1
6	9
214	291
6.197	2.919
115543	296	70	63	68	0.6923	2
0.6943
296
3
3
298
1.053
115653	296	117	90	115	0.6470	2
0.7138
294
6
6	8
308	288
0.681	17.196
115657	206	90	66	107	0.3372	17
0.4447
295
2
2
286
2.338
115605	296	118	101	115	0.8104	3
0.8366
296
3
3
296
0.479
115759	295	104	96	106	0.7708	2
0.7846
294
1
1	8
301	293
1.021	0.997
115804	295	72	70	72	0.7716	0
0.7718
294
2
2
293
3.943
115908	206	339	320	nan	0.0000	nan



4	11
37	113
3.627	12.954
115856	295	156	127	156	0.5897	0
0.6748
296
2
2
309
20.488
115928	26	258	243	256	0.6145	2
0.6303
26
-1
1	10
66	83
39.965	26.394
115945	26	222	219	304	0.0407	82
0.4384
113
-1
4
45
4.692
115949	295	165	157	166	0.5558	1
0.5625
295
3
2	3	9
3	294	272
11.558	1.282	2.049
115953	292	115	109	115	0.7253	0
0.7292
296
5
5
296
0.707
120126	293	58	24	55	0.4862	3
0.5713
295
4
4	7
297	21
1.131	4.223
120132	293	162	124	133	0.4886	29
0.4957
296
2
2	4
294	288
1.824	15.427
120135	293	120	79	nan	0.0000	nan
0.5122	0.2715
295	349
12	-1
9	12	13
25	298	291
4.226	1.358	18.829
120219	206	21	347	20	0.4626	1
0.5518
206
9
9
192
8.213
120223	293	138	92	134	0.4798	4
0.6441
294
-1
1
317
5.958
120240	293	159	146	156	0.5370	3
0.5466
294
4
4	7
297	21
1.131	4.223
120244	nan	114	105	113	0.4130	1
0.4169
256
-1
5
23
2.668
120346	253	128	103	132	0.4734	4
0.5372
255
4
4
256
3.769
120249	26	223	211	222	0.7933	1
0.8074
26
8
8
32
8.481
120400	253	100	80	103	0.5006	3
0.5410
256
4
4
256
5.143
120352	26	219	203	216	0.9819	3
0.8735	0.5066
24	352
3	-1
3
31
2.300
120445	77	201	179	173	0.2896	28
0.2913
46
-1
9
70
7.064
120457	77	300	277	nan	0.0000	nan



7
31
1.931
120451	26	257	242	255	0.5645	2
0.5783
24
7
7
25
1.931
120745	281	79	47	84	0.6310	5
0.7904
280
2
2
281
1.810
120750	281	38	1	40	0.4842	2
0.6230
280
2
2
281
1.810
120757	281	147	104	149	0.4617	2
0.6588
279
3
3	6
279	247
2.133	0.719
120935	101	287	269	287	0.5025	0
0.5292
101
5
3	5
11	101
1.174	0.458
120827	281	91	70	95	0.6805	4
0.7527
279
5
5
279
0.447
120835	207	52	30	33	0.3914	19
0.3921
278
3
3	5	6
283	144	204
5.018	27.975	0.514
120939	101	242	225	241	0.4383	1
0.4565
100
5
3	5
11	101
1.174	0.458
120945	27	187	163	245	0.0647	58
0.4407
80
-1
1	2
9	43
2.282	20.282
121011	101	279	272	285	0.7189	6
0.7375
101
5
3	5
80	101
2.734	6.166
121142	104	281	269	275	0.6069	6
0.6109
97
13
7	13
12	108
3.077	5.552
121018	101	236	243	238	0.5237	2
0.5256
101
6
3	6
107	104
18.167	1.397
121220	191	346	320	14	0.3336	28
0.5707
202
-1
11
226
6.437
121229	208	30	359	55	0.2276	25
0.3989
283
9
9
279
14.865
121224	104	296	278	292	0.7589	4
0.7817
102
7
7
95
1.649
121323	280	109	99	107	0.6636	2
0.6708
278
9
9
280
9.134
121556	192	323	323	292	0.3304	31
0.3854
161
-1
7
191
6.740
121341	280	33	11	36	0.5085	3
0.5615
284
4
4	6
280	357
0.583	24.139
121601	192	359	356	355	0.7009	4
0.7011
189
9
9
174
17.272
121638	27	151	157	136	0.3694	15
0.3963
284
4
4	6
280	357
0.583	24.139
121644	281	60	54	62	0.5184	2
0.5241
283
-1
3
204
21.597
122141	118	323	338	327	0.6247	4
0.6346
114
8
8
114
0.858
122134	118	285	305	290	0.5777	5
0.5987
115
1
1	11
121	116
1.176	9.258
122144	118	343	357	343	0.6035	0
0.6217
114
8
8
114
0.858
122319	116	330	294	331	0.5194	1
0.6505
114
-1



122324	193	38	3	nan	0.0000	nan
0.3077	0.2489
299	290
5	5
5
291
21.959
122411	193	5	349	4	0.6464	1
0.6686
191
5
5
191
2.431
122608	102	331	313	294	0.2929	37
0.3098
110
-1
8	11
191	144
0.949	2.526
123053	98	282	270	285	0.5137	3
0.5317
96
-1



123217	nan	215	216	197	0.4228	18
0.4467
69
-1



123221	98	301	267	301	0.5076	0
0.6106
90
5
5	7
76	98
3.269	0.253
123359	27	245	236	nan	0.0000	nan



4
44
12.930
123346	17	195	179	107	0.1642	88
0.5532
293
13
10	13
235	298
31.039	13.520
123404	118	303	290	308	0.5717	5
0.5990
106
3
2	3
172	87
8.418	6.820
123720	294	128	95	127	0.5659	1
0.6640
293
6
3	6
299	293
48.162	2.769
123728	294	166	126	166	0.5456	0
0.7181
294
5
1	5
285	296
11.016	3.606
123900	294	163	114	123	0.4106	40
0.4153
294
2
2	7
295	348
9.074	26.866
123844	294	95	78	91	0.6778	4
0.6936
293
2
2
296
10.441
123915	207	13	329	5	0.6113	8
0.7607
206
4
4	9
205	208
4.880	0.483
123958	117	322	295	321	0.4364	1
0.4849
117
4
4	8
114	113
2.984	9.745
124005	117	263	243	268	0.6402	5
0.7056
116
2
2
120
2.300
124028	117	315	315	316	0.7638	1
0.7638
114
1
1
115
0.488
124032	117	278	282	278	0.8294	0
0.8308
117
7
6	7
89	118
11.348	1.025
124156	117	337	326	339	0.6205	2
0.5420	0.3318
115	92
5	5
3	5
197	102
1.908	5.454
124410	102	343	325	330	0.4443	13
0.4462
104
3
3
90
7.024
124509	26	217	200	118	0.0551	99
0.4150
294
6
3	6
230	297
3.959	0.499
124650	296	91	73	89	0.6335	2
0.6588
293
5
2	4	5
266	247	294
16.358	3.038	0.338
124659	26	239	224	nan	0.0000	nan
0.5775
116
3
3	7
119	31
15.252	5.702
124656	296	159	146	157	0.6232	2
0.5518	0.3115
294	281
5	5
5
296
1.742
124726	296	128	107	136	0.5181	8
0.5955
296
5
5
303
3.558
124758	116	335	326	337	0.5253	2
0.5340
117
8
7	8
202	112
13.802	6.797
124802	116	299	294	300	0.6934	1
0.6970
115
8
8
116
3.655
124909	116	324	336	322	0.7722	2
0.7967
117
2
2
114
0.956
124805	116	260	252	258	0.6640	2
0.6686
116
4
3	4
119	118
16.936	1.393
124912	116	270	286	265	0.5253	5
0.5633
118
4
2	4	5
29	114	151
4.214	0.520	10.314
125025	206	345	322	341	0.4534	4
0.4795
115
7
3	7
201	114
4.655	3.096
125028	116	298	276	292	0.6993	6
0.7242
117
1
1
107
4.097
125032	116	254	231	156	0.1440	98
0.5343
27
9
1	9
112	7
0.592	14.090
125119	116	349	339	nan	0.0000	nan
0.5287
207
6
5	6
181	202
18.838	0.741
125122	116	309	298	nan	0.0000	nan
0.6346
117
6
5	6
126	126
18.753	2.563
125125	26	248	226	252	0.4936	4
0.5483
118
6
5	6
96	119
17.605	3.745
125249	116	255	232	nan	0.0000	nan



2	4
111	64
2.777	3.776
125245	116	323	295	326	0.5827	3
0.6859
116
4
4
117
4.877
125256	26	179	142	87	0.4309	92
0.7440
296
1
1	2
288	27
8.225	2.964
125300	26	150	108	57	0.4181	93
0.6619
296
1
1	2
288	27
8.225	2.964
125413	206	44	26	44	0.7854	0
0.8277
205
6
6
206
0.589
125417	206	1	347	1	0.7686	0
0.7952
205
5
5
206
0.292
125535	163	342	8	334	0.3620	8
0.4337
151
2
2	14
142	105
13.666	59.051
125632	71	255	282	309	0.5972	54
0.6703
121
4
1	4
70	116
7.729	11.546
125639	nan	320	339	318	0.4103	2
0.4381
117
4
4
118
10.979
125642	340	172	205	187	0.4314	15
0.4536
357
12
12
355
7.341
125742	nan	194	186	230	0.5682	36
0.7844
65
3
2	3
24	54
0.482	4.630
125747	25	237	231	234	0.7170	3
0.7183
26
1
1
28
0.624
130001	25	174	172	176	0.6773	2
0.6795
28
3
3
24
0.681
130006	122	245	246	247	0.3292	2
0.3292
24
8
4	8	9
296	34	119
0.808	3.422	3.463
130041	25	23	207	228	0.3616	155
0.3864
25
8
4	8	9
296	34	119
0.808	3.422	3.463
130012	121	323	316	46	0.0010	83
0.3741
195
-1
1
105
8.820
