115129	205	4	346	271	0.1329	93
0.4906
115
4	5
4	5
121	204
1.340	2.773
115424	296	77	58	68	0.5444	9
0.5526
293
9
6	9
214	291
6.197	2.919
115543	296	70	63	67	0.6902	3
0.6921
296
3
3
298
1.053
115653	296	117	90	116	0.6355	1
0.7090
295
6
6	8
308	288
0.681	17.196
115605	296	118	101	115	0.8078	3
0.8336
296
3
3
296
0.479
115657	206	90	66	85	0.4441	5
0.4690
295
2
2
286
2.338
115759	295	104	96	106	0.7678	2
0.7815
294
1
1	8
301	293
1.021	0.997
115804	295	72	70	72	0.7686	0
0.7688
294
2
2
293
3.943
115856	295	156	127	156	0.5864	0
0.6717
296
2
2
309
20.488
115908	206	339	320	342	0.2584	3
0.2791
116
4
4	11
37	113
3.627	12.954
115928	26	258	243	256	0.6118	2
0.6271
26
-1
1	10
66	83
39.965	26.394
115945	26	222	219	306	0.0270	84
0.5483
115
-1	4
4
45
4.692
115949	295	165	157	166	0.5532	1
0.5599
295
3	9
2	3	9
3	294	272
11.558	1.282	2.049
120126	293	58	24	55	0.4339	3
0.5078
294
4	7
4	7
297	21
1.131	4.223
120132	293	162	124	165	0.4526	3
0.6030
296
2
2	4
294	288
1.824	15.427
120219	206	21	347	20	0.4627	1
0.5486
206
9
9
192
8.213
120223	293	138	92	135	0.4753	3
0.6429
294
-1
1
317
5.958
120240	293	159	146	157	0.4742	2
0.4835
294
4	7
4	7
297	21
1.131	4.223
120244	nan	114	105	113	0.5325	1
0.4067	0.3530
254	204
5
5
23
2.668
120249	26	223	211	224	0.7796	1
0.8006
26
8
8
32
8.481
120346	253	128	103	131	0.4364	3
0.4939
255
4
4
256
3.769
120352	26	219	203	217	0.8438	2
0.8708
25
3
3
31
2.300
120445	77	201	179	181	0.4464	20
0.4468
46

9
70
7.064
120451	26	257	242	255	0.7098	2
0.7293
25
7
7
25
1.931
120745	281	79	47	83	0.6363	4
0.7853
280
2
2
281
1.810
120750	281	38	1	38	0.4807	0
0.6098
280
2
2
281
1.810
120757	281	147	104	149	0.4596	2
0.6564
279
3	6
3	6
279	247
2.133	0.719
120827	281	91	70	95	0.6782	4
0.7502
279
5
5
279
0.447
120835	207	52	30	51	0.4764	1
0.3750	0.3447
203	281
6
3	5	6
283	144	204
5.018	27.975	0.514
120939	101	242	225	242	0.4690	0
0.4904
101
3	5
3	5
11	101
1.174	0.458
121011	101	279	272	285	0.7148	6
0.7333
101
5	3
3	5
80	101
2.734	6.166
121018	101	236	243	nan	0.0000	nan
0.5165
101
6
3	6
107	104
18.167	1.397
121224	104	296	278	294	0.7516	2
0.7800
102
7
7
95
1.649
121323	280	109	99	108	0.7340	1
0.7443
279
9
9
280
9.134
121556	192	323	323	233	0.0024	90
0.5864
102
-1
7
191
6.740
121601	192	359	356	355	0.6962	4
0.6964
189
9
9
174
17.272
121638	27	151	157	164	0.4504	13
0.4532
287
4
4	6
280	357
0.583	24.139
121644	281	60	54	nan	0.0000	nan
0.5972
285
-1
3
204
21.597
122134	118	285	305	290	0.5736	5
0.5931
115
1
1	11
121	116
1.176	9.258
122141	118	323	338	327	0.6208	4
0.6307
114
8
8
114
0.858
122144	118	343	357	344	0.5993	1
0.6170
114
8
8
114
0.858
122319	116	330	294	19	0.0335	49
0.3723
114




122411	193	5	349	4	0.6440	1
0.6664
192
5
5
191
2.431
122608	102	331	313	328	0.3225	3
0.3341
102
8	11
8	11
191	144
0.949	2.526
123053	98	282	270	285	0.5577	3
0.5774
96
-1



123217	nan	215	216	225	0.3591	10
0.3638
97




123221	98	301	267	295	0.5326	6
0.6031
88
5
5	7
76	98
3.269	0.253
123346	17	195	179	108	0.1513	87
0.4820
292

10	13
235	298
31.039	13.520
123359	27	245	236	246	0.4649	1
0.4720
115

4
44
12.930
123404	118	303	290	309	0.8276	6
0.8720
106
3
2	3
172	87
8.418	6.820
123720	294	128	95	127	0.5562	1
0.6583
294
6
3	6
299	293
48.162	2.769
123728	294	166	126	166	0.5424	0
0.7140
294
5
1	5
285	296
11.016	3.606
123844	294	95	78	91	0.6659	4
0.6812
294
2
2
296
10.441
123900	294	163	114	162	0.3499	1
0.5217
295
2
2	7
295	348
9.074	26.866
123915	207	13	329	5	0.6070	8
0.7553
206
4
4	9
205	208
4.880	0.483
123958	117	322	295	247	0.2973	75
0.4450
117
4
4	8
114	113
2.984	9.745
124005	117	263	243	268	0.6371	5
0.7017
116
2
2
120
2.300
124028	117	315	315	316	0.7614	1
0.7615
114
1
1
115
0.488
124032	117	278	282	278	0.8281	0
0.8294
117
7
6	7
89	118
11.348	1.025
124156	117	337	326	24	0.1984	47
0.3694
115
3
3	5
197	102
1.908	5.454
124410	102	343	325	341	0.4503	2
0.4689
102

3
90
7.024
124650	296	91	73	91	0.6219	0
0.6521
294
5	4
2	4	5
266	247	294
16.358	3.038	0.338
124656	296	159	146	160	0.5297	1
0.5447
295
5
5
296
1.742
124659	26	239	224	nan	0.0000	nan
0.5727
116
3
3	7
119	31
15.252	5.702
124726	296	128	107	136	0.5156	8
0.5910
296
5
5
303
3.558
124758	116	335	326	335	0.5244	0
0.5310
115
8
7	8
202	112
13.802	6.797
124802	116	299	294	300	0.6881	1
0.6916
115
8
8
116
3.655
124805	116	260	252	258	0.6600	2
0.6646
116
4
3	4
119	118
16.936	1.393
124909	116	324	336	321	0.7645	3
0.7918
116
2
2
114
0.956
124912	116	270	286	263	0.5132	7
0.5563
116
4	2
2	4	5
29	114	151
4.214	0.520	10.314
125025	206	345	322	342	0.4433	3
0.4722
115
3	7
3	7
201	114
4.655	3.096
125028	116	298	276	292	0.6959	6
0.7208
117
1
1
107
4.097
125032	116	254	231	155	0.1428	99
0.5768
25
9	1
1	9
112	7
0.592	14.090
125119	116	349	339	nan	0.0000	nan
0.5244
208
6
5	6
181	202
18.838	0.741
125122	116	309	298	nan	0.0000	nan
0.6322
117
6
5	6
126	126
18.753	2.563
125125	26	248	226	251	0.4930	3
0.5453
117
6
5	6
96	119
17.605	3.745
125245	116	323	295	326	0.5793	3
0.6819
116
4
4
117
4.877
125249	116	255	232	256	0.3385	1
0.3700
25
2	4
2	4
111	64
2.777	3.776
125256	26	179	142	87	0.4232	92
0.7386
296
1	2
1	2
288	27
8.225	2.964
125300	26	150	108	57	0.4151	93
0.6589
296
1	2
1	2
288	27
8.225	2.964
125413	206	44	26	44	0.7834	0
0.8257
205
6
6
206
0.589
125417	206	1	347	1	0.7663	0
0.7927
205
5
5
206
0.292
125535	163	342	8	344	0.5155	2
0.4222	0.3721
114	160

2	14
142	105
13.666	59.051
125632	71	255	282	266	0.6463	11
0.6710
78
1
1	4
70	116
7.729	11.546
125639	nan	320	339	324	0.5382	4
0.5559
117
4
4
118
10.979
125642	340	172	205	214	0.5169	42
0.5231
23
-1
12
355
7.341
125742	nan	194	186	188	0.7554	6
0.6403	0.4013
26	69
2	3
2	3
24	54
0.482	4.630
125747	25	237	231	234	0.7156	3
0.7169
26
1
1
28
0.624
130001	25	174	172	176	0.6728	2
0.6744
27
3
3
24
0.681
130006	122	245	246	247	0.4813	2
0.4815
25
4	8	9
4	8	9
296	34	119
0.808	3.422	3.463
130012	121	323	316	nan	0.0000	nan
0.4626
206

1
105
8.820
