145713	170	350	345	-5	0.8336	5.0
1.0000
170
-1



145832	170	299	293	-56	0.5625	5.0
1.0000
170
-1



145902	170	352	351	-1	0.6506	7.0
1.0000
169
-1



145918	170	39	27	44	0.6784	5.0
1.0000
171
-1



150044	170	351	343	-5	0.5934	4.0
1.0000
172
-1



150239	174	354	341	-15	0.5484	9.0
1.0000
170
-1



150257	270	113	105	112	0.7861	1.0
1.0000
276
-1



150346	83	238	230	-121	0.5773	1.0
1.0000
83
-1



150417	86	299	283	-73	0.5618	12.0
1.0000
83
-1



150515	169	25	7	20	0.4766	5.0
1.0000
168
-1



150637	169	302	287	-59	0.7274	1.0
1.0000
168
-1



150648	169	354	335	-7	0.6532	1.0
1.0000
170
-1



150915	170	311	294	-46	0.6318	3.0
1.0000
168
-1



150938	170	351	341	-7	1.0737	2.0
1.0000
169
-1



150959	170	21	17	24	0.6058	3.0
1.0000
169
-1



151056	170	355	359	-3	0.6650	2.0
1.0000
168
-1



151244	170	35	37	33	0.6519	2.0
1.0000
170
-1



151440	170	312	295	-45	0.7788	3.0
1.0000
170
-1



151452	170	349	338	-9	0.4375	2.0
1.0000
169
-1



151508	170	31	24	-3	0.3926	34.0
1.0000
169
-1



151555	170	300	292	-62	0.9688	2.0
1.0000	1.0000
166	166
-1	-1



151608	170	352	342	-7	0.7100	1.0
1.0000
170
-1



151624	170	40	35	44	0.9012	4.0
1.0000
174
-1



151759	170	340	334	-14	0.6662	6.0
1.0000
169
-1



151813	170	29	26	33	0.8794	4.0
1.0000
171
-1



151927	170	347	336	-7	0.7003	6.0
1.0000
172
-1



151941	170	38	27	34	0.7136	4.0
1.0000
171
-1



152118	87	280	263	-85	0.6177	5.0
1.0000	1.0000
79	175
-1	-1



152149	87	320	301	-81	0.3866	41.0
1.0000
172
-1



152222	87	271	243	-93	0.5040	4.0
1.0000
85
-1



152341	87	260	245	-93	0.6705	7.0
1.0000
84
-1



152403	87	308	298	-48	0.4210	4.0
1.0000
84
-1



152515	87	264	250	-91	0.5961	5.0
1.0000
85
-1



152529	87	224	206	-136	0.5432	0.0
1.0000
85
-1



152539	87	308	296	-49	0.5544	3.0
1.0000
84
-1



152615	87	215	189	-144	0.5796	1.0
1.0000
83
-1



152717	87	214	204	-140	0.6374	6.0
1.0000
84
-1



152822	87	265	242	-99	0.6550	4.0
1.0000
81
-1



152947	169	43	28	42	0.5024	1.0
1.0000
170
-1



153057	169	306	297	-50	0.5614	4.0
1.0000
168
-1



153105	169	352	341	-5	0.7040	3.0
1.0000
165
-1



153117	169	29	23	33	0.6053	4.0
1.0000
167
-1



153228	169	310	303	-44	0.4855	6.0
1.0000
170
-1



153238	169	354	356	3	0.6183	9.0
1.0000
170
-1



153346	169	316	298	-76	0.4846	32.0
1.0000
170
-1



153352	169	347	333	-10	0.6568	3.0
1.0000
166
-1



153525	170	358	330	-4	0.7493	2.0
1.0000
167
-1



153635	261	90	86	95	0.6650	5.0
1.0000
268
-1



153656	261	142	138	142	0.6093	0.0
1.0000
266
-1



153757	170	308	300	-49	0.6630	3.0
1.0000	1.0000
167	83
-1	-1



153853	170	353	339	-7	0.6528	0.0
1.0000
169
-1



153913	170	28	19	30	0.5432	2.0
1.0000
170
-1



154049	170	313	328	-46	0.5652	1.0
1.0000
170
-1



154106	170	355	340	-2	0.7323	3.0
1.0000
171
-1



154114	170	36	25	31	0.7081	5.0
1.0000
167
-1



154159	170	351	341	-6	0.7742	3.0
1.0000
167
-1



154212	170	42	29	38	0.6199	4.0
1.0000
169
-1



154243	170	302	316	-47	0.8128	11.0
1.0000
167
-1



154254	170	351	354	-9	0.7566	0.0
1.0000
168
-1



154317	170	31	27	31	0.5746	0.0
1.0000
169
-1



154407	170	309	293	-48	0.5959	3.0
1.0000
169
-1



154425	170	29	23	36	0.4809	7.0
1.0000
169
-1



154457	170	310	291	-50	0.6304	0.0
1.0000
168
-1



154522	170	353	344	-1	0.6054	6.0
1.0000
170
-1



154556	170	312	298	-33	0.6813	15.0
1.0000
157
-1



154655	170	353	337	-10	0.6422	3.0
1.0000
165
-1



154738	262	46	26	nan	0.0000	nan
0.7132
268
-1



154820	88	308	290	-66	0.5141	14.0
1.0000
167
-1



154949	170	53	45	54	0.3775	1.0
1.0000
172
-1



155032	170	351	330	-3	0.6882	6.0
1.0000
172
-1



122123	170	39	26	37	0.7423	2.0
1.0000
170
-1



122232	170	23	15	30	0.7601	7.0
1.0000
171
-1



122352	170	352	336	-4	0.7318	4.0
1.0000
169
-1



122448	170	38	27	38	0.7674	0.0
1.0000
170
-1



122516	170	307	294	-48	0.7029	5.0
1.0000
170
-1



122605	170	355	343	-5	0.8182	0.0
1.0000
168
-1



122625	258	46	34	43	0.4476	3.0
1.0000
168
-1



122642	170	311	301	-47	0.7254	2.0
1.0000
170
-1



