-50 -50 9266.30826201
-50 -47 13070.9243276
-50 -44 32741.2518036
-50 -41 19163.778689
-50 -38 18017.7925251
-50 -35 18833.3221641
-50 -32 36405.2680655
-50 -29 142294.607803
-50 -26 19195.8499671
-50 -23 8960.28891797
-50 -20 6170.84655747
-50 -17 4496.84655747
-50 -14 4240.25639353
-50 -11 3281.92695097
-50 -8 2547.8613772
-50 -5 2150.76629524
-50 -2 1862.0908854
-50 1 1635.97940999
-50 4 1452.36629524
-50 7 1300.08432802
-50 10 1172.19252474
-50 13 1064.45809851
-50 16 974.825311629
-50 19 904.028590318
-50 22 864.717114908
-50 25 1272.68104933
-50 28 816.109311613
-50 31 941.171606695
-50 34 1874.68360681
-50 37 654.92852488
-50 40 509.537836444
-50 43 432.50177087
-50 46 376.01882009
-50 49 329.801049655
-47 -50 6059.82832757
-47 -47 10142.3077373
-47 -44 14800.5115407
-47 -41 119703.696
-47 -38 52228.7495086
-47 -35 15704.4834757
-47 -32 33387.4912136
-47 -29 16563.3902954
-47 -26 81068.6798027
-47 -23 39879.2133115
-47 -20 13388.0397376
-47 -17 15528.7487213
-47 -14 4719.77114763
-47 -11 3779.29573779
-47 -8 5997.41875425
-47 -5 2584.2056395
-47 -2 2113.49744278
-47 1 1802.13350835
-47 4 1565.72695097
-47 7 1376.6908854
-47 10 1221.59252474
-47 13 1091.97285261
-47 16 982.661377203
-47 19 890.848262449
-47 22 815.169573925
-47 25 759.526950974
-47 28 756.169573925
-47 31 800.224065712
-47 34 695.407672269
-47 37 26290.2628855
-47 40 790.882098739
-47 43 470.563082385
-47 46 380.358426704
-47 49 322.273180802
-44 -50 5707.48360631
-44 -47 5315.84472101
-44 -44 35428.5135735
-44 -41 7904.79350791
-44 -38 10569.4718685
-44 -35 26085.7665577
-44 -32 18556.5491808
-44 -29 21534.4417055
-44 -26 47318.3728526
-44 -23 66377.1400003
-44 -20 49121.3048522
-44 -17 17975.8407868
-44 -14 7648.37744256
-44 -11 5332.8662296
-44 -8 3764.44000009
-44 -5 3393.87606566
-44 -2 2759.11711491
-44 1 2083.66465589
-44 4 1738.63842638
-44 7 1489.84826245
-44 10 1295.42859032
-44 13 1137.7761313
-44 16 1007.00891819
-44 19 897.136787039
-44 22 804.297442777
-44 25 726.572852613
-44 28 664.176131302
-44 31 625.317114908
-44 34 785.519869095
-44 37 580.964524816
-44 40 639.888131414
-44 43 5075.82262338
-44 46 453.892852933
-44 49 331.22236113
-41 -50 9498.19960632
-41 -47 7746.26714723
-41 -44 10327.4709505
-41 -41 5099.77258986
-41 -38 9954.86019632
-41 -35 9457.27875381
-41 -32 25561.7079341
-41 -29 1108146.14872
-41 -26 12971.0572462
-41 -23 16915.160066
-41 -20 12785.6001314
-41 -17 83950.039016
-41 -14 32724.5602623
-41 -11 13741.9072131
-41 -8 8983.95626226
-41 -5 3915.47934435
-41 -2 3066.1514755
-41 1 22166.2580985
-41 4 2080.60891819
-41 7 1672.7203936
-41 10 1407.77940999
-41 13 1207.47777065
-41 16 1047.76957392
-41 19 916.55645917
-41 22 806.864655892
-41 25 714.241705072
-41 28 635.910557531
-41 31 570.959737859
-41 34 521.487082209
-41 37 507.085180514
-41 40 578.884524936
-41 43 453.283475732
-41 46 1200.22826253
-41 49 602.226820098
-38 -50 5606.9638029
-38 -47 10802.4019669
-38 -44 6561.74786862
-38 -41 4905.42458991
-38 -38 4510.29062265
-38 -35 5891.13980298
-38 -32 6830.19022922
-38 -29 8422.88826199
-38 -26 25093.1224265
-38 -23 49368.8508201
-38 -20 20331.0910823
-38 -17 17863.1575084
-38 -14 18414.8875413
-38 -11 43367.2425572
-38 -8 15209.4145573
-38 -5 6333.61350813
-38 -2 4454.62032796
-38 1 3011.66950829
-38 4 2612.84983616
-38 7 2216.14990179
-38 10 1608.2056395
-38 13 1318.76957392
-38 16 1111.62203294
-38 19 950.172852613
-38 22 819.297442777
-38 25 710.733508351
-38 28 619.310557531
-38 31 542.116590406
-38 34 476.996655924
-38 37 424.351344625
-38 40 389.622426568
-38 43 453.827869103
-38 46 354.778098635
-38 49 374.855147815
-35 -50 2579.39606528
-35 -47 3218.94360627
-35 -44 6095.49245861
-35 -41 6658.567803
-35 -38 9804.17862264
-35 -35 12610.6929833
-35 -32 4185.20865544
-35 -29 20162.4305571
-35 -26 12865.8328522
-35 -23 13382.8062948
-35 -20 22085.9946234
-35 -17 11460.1687216
-35 -14 15175.2609842
-35 -11 9942.68209864
-35 -8 743450.778295
-35 -5 89807.4604591
-35 -2 32509.3146885
-35 1 6917.94793436
-35 4 3077.0367214
-35 7 2344.37442632
-35 10 4456.3514755
-35 13 1561.35645917
-35 16 1222.36629524
-35 19 1006.50400015
-35 22 843.851541138
-35 25 714.189246056
-35 28 607.919869095
-35 31 519.073967455
-35 34 444.420197084
-35 37 382.347016732
-35 40 331.998360906
-35 43 293.573049527
-35 46 277.968590558
-35 49 377.780197244
-32 -50 2006.90098332
-32 -47 2205.904262
-32 -44 2548.34688496
-32 -41 834711.649049
-32 -38 12186.2940325
-32 -35 5025.34786862
-32 -32 4139.78852434
-32 -29 3719.69390134
-32 -26 4331.53652429
-32 -23 7460.80006529
-32 -20 6533.89481937
-32 -17 39722.6724593
-32 -14 18226.2712789
-32 -11 12640.7972463
-32 -8 10150.4748854
-32 -5 11780.9039347
-32 -2 43971.057639
-32 1 18129.897836
-32 4 4974.4790819
-32 7 3529.39409845
-32 10 2235.70557386
-32 13 1864.55475419
-32 16 1647.2613772
-32 19 1120.67777065
-32 22 890.644983761
-32 25 727.221508439
-32 28 600.116590406
-32 31 497.780852821
-32 34 414.380852821
-32 37 346.258033077
-32 40 289.741442921
-32 43 243.868197132
-32 46 209.433639626
-32 49 186.564393641
-29 -50 1654.55344233
-29 -47 1759.77967184
-29 -44 1902.20590135
-29 -41 2119.56983578
-29 -38 2581.69442594
-29 -35 6626.48590123
-29 -32 5057.04321284
-29 -29 10929.4144915
-29 -26 4277.10983582
-29 -23 3305.49062265
-29 -20 4782.66990131
-29 -17 6274.93449152
-29 -14 8639.53416363
-29 -11 38085.3481972
-29 -8 14020.9949511
-29 -5 8661.28518091
-29 -2 7519.47554126
-29 1 34318.7147544
-29 4 62485.723541
-29 7 8602.7150164
-29 10 3835.59055731
-29 13 2199.9219673
-29 16 1610.06295091
-29 19 2022.2367214
-29 22 1024.61875425
-29 25 762.411672373
-29 28 599.239278875
-29 31 478.354623313
-29 34 384.743278979
-29 37 309.882557603
-29 40 250.185574341
-29 43 203.905377247
-29 46 165.551278887
-29 49 133.969508687
-26 -50 1399.44196692
-26 -47 1462.77311446
-26 -44 1541.47147512
-26 -41 1644.40918004
-26 -38 1790.75016364
-26 -35 2039.46163905
-26 -32 3278.75016364
-26 -29 9479.52268822
-26 -26 3906.79704895
-26 -23 3397.35245877
-26 -20 2939.2479997
-26 -17 3178.74963904
-26 -14 4587.7868849
-26 -11 4839.09809805
-26 -8 26760.9043279
-26 -5 11069.3461642
-26 -2 9184.53363983
-26 1 7451.24485269
-26 4 7531.76950849
-26 7 229061.840197
-26 10 17633.1780328
-26 13 3534.66924584
-26 16 2545.49245911
-26 19 1433.67278698
-26 22 1131.14767231
-26 25 1042.08190183
-26 28 624.466819938
-26 31 464.086492069
-26 34 353.57206576
-26 37 272.825508643
-26 40 211.836524788
-26 43 162.184852625
-26 46 123.960655888
-26 49 98.269246536
-23 -50 1201.25508168
-23 -47 1240.83540955
-23 -44 1288.1337702
-23 -41 1346.07147512
-23 -38 1419.85508168
-23 -35 1519.96983578
-23 -32 1672.60590135
-23 -29 1987.41573741
-23 -26 3691.27029464
-23 -23 4414.92190137
-23 -20 11884.5813112
-23 -17 2830.66393418
-23 -14 2452.67422921
-23 -11 3476.01088492
-23 -8 3787.3672784
-23 -5 5476.41613084
-23 -2 18437.0933776
-23 1 8396.98852504
-23 4 6228.42203334
-23 7 9860.81980356
-23 10 13267.241574
-23 13 27064.2596066
-23 16 5354.25927869
-23 19 2192.23593445
-23 22 1279.41790176
-23 25 865.328983945
-23 28 897.942754276
-23 31 489.384983801
-23 34 327.90472167
-23 37 234.560918239
-23 40 166.778623437
-23 43 120.188721754
-23 46 98.3251807541
-23 49 105.206294876
-20 -50 1040.92721282
-20 -47 1065.55999971
-20 -44 1094.23213086
-20 -41 1128.20262266
-20 -38 1169.21245873
-20 -35 1220.66819643
-20 -32 1288.30098332
-20 -29 1384.95344233
-20 -26 1549.13049151
-20 -23 2146.52393414
-20 -20 6179.56203248
-20 -17 3039.75114731
-20 -14 2692.886885
-20 -11 2162.68078658
-20 -8 2166.58242593
-20 -5 3123.1868849
-20 -2 3297.56367182
-20 1 45543.3201967
-20 4 6834.24780358
-20 7 6518.49429556
-20 10 4496.33337728
-20 13 4217.92032816
-20 16 32381.1668194
-20 19 6699.18747544
-20 22 1977.41855744
-20 25 1489.31757397
-20 28 632.385180614
-20 31 450.172524724
-20 34 441.587672249
-20 37 195.08852474
-20 40 128.046623605
-20 43 116.066032785
-20 46 139.249770318
-20 49 174.108065296
-17 -50 907.619016103
-17 -47 922.038688234
-17 -44 938.740327579
-17 -41 957.956721021
-17 -38 980.71409807
-17 -35 1007.97311446
-17 -32 1041.72393414
-17 -29 1085.26819643
-17 -26 1145.13704889
-17 -23 1237.66819643
-17 -20 1427.32393414
-17 -17 2329.75881923
-17 -14 11820.7251801
-17 -11 4874.00655713
-17 -8 1837.0278686
-17 -5 1620.0184915
-17 -2 2870.42813085
-17 1 2221.10826201
-17 4 3034.34399969
-17 7 13434.2330495
-17 10 3494.17868897
-17 13 2716.27121367
-17 16 2439.53508216
-17 19 9589.77108199
-17 22 21259.0923277
-17 25 2489.09449188
-17 28 783.717114708
-17 31 399.456393433
-17 34 219.256328095
-17 37 213.049639943
-17 40 177.846819518
-17 43 206.6697047
-17 46 248.058950505
-17 49 286.396065284
-14 -50 794.596065284
-14 -47 801.923934136
-14 -44 810.307540693
-14 -41 819.874753808
-14 -38 831.058360366
-14 -35 844.117376759
-14 -32 859.979671841
-14 -29 879.419016103
-14 -26 904.432130857
-14 -23 938.291147251
-14 -20 988.156721021
-14 -17 1075.58295053
-14 -14 1362.29770463
-14 -11 2566.86747502
-14 -8 6096.56426206
-14 -5 2818.29672106
-14 -2 1378.42504888
-14 1 1230.22177019
-14 4 2336.75691763
-14 7 1922.8292456
-14 10 6336.69927843
-14 13 5228.62852488
-14 16 1797.77429554
-14 19 2551.94760657
-14 22 2791.30170533
-14 25 7379.02026192
-14 28 1505.24577051
-14 31 435.60472147
-14 34 477.630819202
-14 37 282.874032593
-14 40 337.709835815
-14 43 435.379671841
-14 46 426.215737415
-14 49 447.130491513
-11 -50 697.343606267
-11 -47 699.461639054
-11 -44 701.933770202
-11 -41 704.720655448
-11 -38 708.146884956
-11 -35 712.261639054
-11 -32 717.107540693
-11 -29 723.291147251
-11 -26 731.215737415
-11 -23 741.553442333
-11 -20 755.95999971
-11 -17 777.517376759
-11 -14 813.95999971
-11 -11 895.566557087
-11 -8 1640.97849136
-11 -5 2970.04570468
-11 -2 2269.50924568
-11 1 950.627868602
-11 4 801.261114452
-11 7 850.081311285
-11 10 889.352721217
-11 13 1076.24629492
-11 16 2057.5495739
-11 19 1016.45541007
-11 22 798.677377219
-11 25 847.933179461
-11 28 1151.62026202
-11 31 5247.27521307
-11 34 888.001901545
-11 37 767.116065504
-11 40 738.161704692
-11 43 698.686294856
-11 46 747.604327643
-11 49 720.911934224
-8 -50 612.517376759
-8 -47 610.828852169
-8 -44 608.999343972
-8 -41 607.055081677
-8 -38 605.038688234
-8 -35 602.950163644
-8 -32 600.819016103
-8 -29 598.710819382
-8 -26 596.592786595
-8 -23 594.753442333
-8 -20 593.340327579
-8 -17 592.802622661
-8 -14 594.189507907
-8 -11 599.792786595
-8 -8 617.245245611
-8 -5 697.38295053
-8 -2 1706.99206518
-8 1 903.888130913
-8 4 711.192458806
-8 7 562.334622693
-8 10 401.73763873
-8 13 611.598294768
-8 16 462.175540561
-8 19 1924.36852432
-8 22 4786.20622804
-8 25 959.683278118
-8 28 2312.11337645
-8 31 1576.15239303
-8 34 11000.5743611
-8 37 17490.0703605
-8 40 2143.69639337
-8 43 2909.94918028
-8 46 1160.55672122
-8 49 1074.51737696
-5 -50 538.02557348
-5 -47 533.27147512
-5 -44 528.264917743
-5 -41 522.796065284
-5 -38 516.920655448
-5 -35 510.55999971
-5 -32 503.655081677
-5 -29 496.028852169
-5 -26 487.819016103
-5 -23 478.681311185
-5 -20 468.661639054
-5 -17 457.605901349
-5 -14 445.261639054
-5 -11 431.619016103
-5 -8 416.635409546
-5 -5 400.858360366
-5 -2 388.062688258
-5 1 497.589966871
-5 4 541.941835847
-5 7 296.324720789
-5 10 232.443278278
-5 13 196.785114576
-5 16 929.465770434
-5 19 431.876852617
-5 22 764.374163968
-5 25 2811.8632783
-5 28 2855.3672781
-5 31 3778.88786816
-5 34 15866.2507538
-5 37 9123.57757343
-5 40 10167.3902297
-5 43 4222.47068857
-5 46 2297.71108203
-5 49 1857.66819663
-2 -50 471.769835775
-2 -47 464.832130857
-2 -44 457.376393152
-2 -41 449.327212825
-2 -38 440.619016103
-2 -35 431.232130857
-2 -32 420.904262005
-2 -29 409.710819382
-2 -26 397.346884956
-2 -23 383.743606267
-2 -20 368.707540693
-2 -17 351.815737415
-2 -14 332.619016103
-2 -11 310.897704628
-2 -8 285.751212849
-2 -5 256.54793416
-2 -2 222.258426003
-2 1 182.130491613
-2 4 159.546950594
-2 7 381.748589938
-2 10 738.336917915
-2 13 552.184524136
-2 16 1683.05363945
-2 19 512.617901861
-2 22 1675.07127901
-2 25 1438.20819687
-2 28 4237.50032804
-2 31 9365.30642575
-2 34 3353.20177017
-2 37 5961.43993395
-2 40 4070.73101612
-2 43 209735.574099
-2 46 11551.5905574
-2 49 5476.70262296
1 -50 412.599343972
1 -47 403.946884956
1 -44 394.589507907
1 -41 384.596065284
1 -38 373.819016103
1 -35 362.173114464
1 -32 349.517376759
1 -29 335.773114464
1 -26 320.779671841
1 -23 304.179671841
1 -20 285.910819382
1 -17 265.687868562
1 -14 243.120655448
1 -11 217.711868586
1 -8 188.906294776
1 -5 156.974950622
1 -2 123.16177033
1 1 96.0508850598
1 4 87.1090490623
1 7 124.333573188
1 10 498.236000086
1 13 1335.27691815
1 16 913.308196871
1 19 782.836131262
1 22 820.337311642
1 25 1375.93829531
1 28 1778.00977078
1 31 2352.87567244
1 34 8569.29396697
1 37 42020.399803
1 40 7830.14498326
1 43 56118.089049
1 46 8682.41409807
1 49 27531.4328527
4 -50 359.363278398
4 -47 349.297704628
4 -44 338.504262005
4 -41 327.097704628
4 -38 314.796065284
4 -35 301.543606267
4 -32 287.192786595
4 -29 271.641966923
4 -26 254.943606267
4 -23 236.694425939
4 -20 216.727212825
4 -17 194.541376783
4 -14 169.878163672
4 -11 142.959802997
4 -8 114.504065492
4 -5 85.8963278348
4 -2 62.2700979264
4 1 54.3139677955
4 4 86.1726559999
4 7 156.114557435
4 10 260.221705152
4 13 456.646885456
4 16 1241.62727896
4 19 1531.41521331
4 22 4352.3525249
4 25 7372.29672156
4 28 1337.31593473
4 31 4291.52354131
4 34 9546.55731176
4 37 5775.66255768
4 40 11247.1332455
4 43 6411.84767181
4 46 10800.7521306
4 49 6533.62609808
7 -50 311.127212825
7 -47 300.107540693
7 -44 288.294425939
7 -41 275.756721021
7 -38 262.264917743
7 -35 248.104262005
7 -32 232.697704628
7 -29 216.241966923
7 -26 198.084589874
7 -23 178.400393176
7 -20 157.049573504
7 -17 133.899606323
7 -14 109.454360462
7 -11 84.2786228368
7 -8 59.1491802778
7 -5 39.4370492904
7 -2 46.8035405894
7 1 85.4238034608
7 4 137.295606719
7 7 202.912459227
7 10 285.496065784
7 13 395.711541198
7 16 566.971147831
7 19 2934.15475439
7 22 4332.58137732
7 25 1886.59639367
7 28 1708.4573773
7 31 1641.62741014
7 34 2198.92904948
7 37 6165.9474757
7 40 3843.35763965
7 43 180528.358885
7 46 14391.2500326
7 49 10612.8847209
10 -50 267.343606267
10 -47 255.628852169
10 -44 243.274753808
10 -41 230.02557348
10 -38 215.884589874
10 -35 200.550163644
10 -32 184.173114464
10 -29 166.491147251
10 -26 147.54793416
10 -23 127.41763911
10 -20 106.042491525
10 -17 83.7040654917
10 -14 61.3637376629
10 -11 39.2327869353
10 -8 31.8855741407
10 -5 53.1143607218
10 -2 88.84118057
10 1 131.745246112
10 4 183.000983817
10 7 243.192131418
10 10 315.315410126
10 13 403.764590454
10 16 517.338360946
10 19 677.86295111
10 22 976.692459307
10 25 4904.71737746
10 28 2670.38301667
10 31 10062.0182954
10 34 2458.55245927
10 37 2147.27003309
10 40 3748.35960688
10 43 4595.36386914
10 46 7214.06583637
10 49 63755.5853109
13 -50 228.035409546
13 -47 215.609180038
13 -44 202.38295053
13 -41 188.264917743
13 -38 173.261639054
13 -35 157.350163644
13 -32 140.354491537
13 -29 122.338950586
13 -26 103.431671893
13 -23 83.7481308734
13 -20 63.44911464
13 -17 43.3468851558
13 -14 27.3619021056
13 -11 33.8818363878
13 -8 61.1443936207
13 -5 93.0832790187
13 -2 129.867475716
13 1 172.605246172
13 4 221.717311822
13 7 278.000656028
13 10 343.082623241
13 13 419.499016684
13 16 511.590819962
13 19 626.81704947
13 22 780.833442913
13 25 1019.30229537
13 28 1924.91541013
13 31 5331.64780358
13 34 2906.3898363
13 37 2760.32950845
13 40 2491.88970522
13 43 3009.94216424
13 46 4733.14754133
13 49 5304.8297708
16 -50 191.369835775
16 -47 178.392786595
16 -44 164.615737415
16 -41 150.061639054
16 -38 134.694425939
16 -35 118.471016155
16 -32 101.477573532
16 -29 83.8660325848
16 -26 65.3712784064
16 -23 47.136262237
16 -20 29.6748199463
16 -17 25.793508711
16 -14 42.8327213975
16 -11 68.2116723733
16 -8 97.0406560679
16 -5 129.435738035
16 -2 166.521836428
16 1 208.380983897
16 4 255.230164225
16 7 307.849836356
16 10 367.364590454
16 13 435.72852488
16 16 515.413770782
16 19 610.092459307
16 22 726.207213405
16 25 875.590819962
16 28 1086.83344291
16 31 1471.44655767
16 34 3158.2051152
16 37 4611.45186913
16 40 11370.8678691
16 43 3100.16229533
16 46 2945.44380358
16 49 5341.80878721
19 -50 157.510819382
19 -47 144.130491513
19 -44 130.051802989
19 -41 115.280852221
19 -38 99.8471473068
19 -35 83.9799341921
19 -32 67.3776390701
19 -29 50.3975079146
19 -26 34.0237377229
19 -23 24.3691152604
19 -20 30.5897052202
19 -17 50.9495740046
19 -14 74.39147574
19 -11 100.481049535
19 -8 129.754295524
19 -5 162.557902002
19 -2 199.148197011
19 1 239.476065864
19 4 283.967869143
19 7 333.449836356
19 10 388.725246192
19 13 450.984262585
19 16 522.046557667
19 19 604.223606848
19 22 700.735082257
19 25 817.177705208
19 28 962.9514757
19 31 1157.76786914
19 34 1456.9809839
19 37 2335.11213144
19 40 41661.8510823
19 43 4289.15377072
19 46 4196.77541009
19 49 3406.56839374
22 -50 126.251802989
22 -47 112.589048942
22 -44 98.4700981265
22 -41 83.9504259954
22 -38 68.9512784864
22 -35 53.2858357914
22 -32 37.8393442123
22 -29 25.9988200704
22 -26 25.2247878278
22 -23 38.4943610019
22 -20 58.0085903981
22 -17 79.6772463439
22 -14 103.662623421
22 -11 130.367410278
22 -8 159.825377467
22 -5 192.420328159
22 -2 227.967869143
22 1 266.692459307
22 4 309.069508487
22 7 355.708852749
22 10 407.28590193
22 13 464.836721602
22 16 529.443278979
22 19 602.659672421
22 22 686.613770782
22 25 784.5514757
22 28 900.944918323
22 31 1043.63344291
22 34 1227.17114783
22 37 1485.3809839
22 40 1943.92524619
22 43 3829.09691848
22 46 32369.6920002
22 49 10914.9377052
25 -50 97.3824915651
25 -47 84.0127210773
25 -44 70.2561965192
25 -41 55.8857047159
25 -38 41.4769178547
25 -35 28.5340328529
25 -32 24.3428198142
25 -29 30.6372468042
25 -26 45.8165247683
25 -23 64.1435413298
25 -20 84.4907546247
25 -17 106.679148039
25 -14 131.100787303
25 -11 157.904065992
25 -8 187.200656028
25 -5 218.990819962
25 -2 253.364590454
25 1 290.580983897
25 4 330.948197011
25 7 375.282623241
25 10 423.784262585
25 13 477.266229798
25 16 536.666229798
25 19 603.148197011
25 22 678.118688815
25 25 763.590819962
25 28 862.318688815
25 31 978.423606848
25 34 1118.40065603
25 37 1293.50885275
25 40 1526.71541013
25 43 1881.2367216
25 46 2786.56459045
25 49 6551.12596761
28 -50 71.297966979
28 -47 58.1401965032
28 -44 44.7855734403
28 -41 31.8397375388
28 -38 24.9396727015
28 -35 26.3944275403
28 -32 37.2950824175
28 -29 52.0876069116
28 -26 69.6455742007
28 -23 88.7367874396
28 -20 109.308656236
28 -17 131.845049599
28 -14 156.41882009
28 -11 183.051082273
28 -8 211.895737995
28 -5 242.731803569
28 -2 275.971147831
28 1 311.833442913
28 4 350.505574061
28 7 392.587541274
28 10 438.37442652
28 13 488.423606848
28 16 543.646557667
28 19 604.649836356
28 22 672.676065864
28 25 748.908852749
28 28 835.521967503
28 31 934.846557667
28 34 1050.42688554
28 37 1187.91868881
28 40 1356.27278718
28 43 1572.24655767
28 46 1874.31541013
28 49 2397.51868881
31 -50 47.6051144959
31 -47 35.2321966953
31 -44 26.2259018695
31 -41 24.8783608859
31 -38 31.6496402428
31 -35 43.3697054003
31 -32 57.9129840288
31 -29 74.5178365238
31 -26 92.5105579314
31 -23 111.623410334
31 -20 132.543410254
31 -17 155.36118069
31 -14 179.687147847
31 -11 206.046557667
31 -8 234.184262585
31 -5 264.197377339
31 -2 296.282623241
31 1 330.758033077
31 4 367.869508487
31 7 407.941639634
31 10 451.367869143
31 13 498.541639634
31 16 550.121967503
31 19 606.636721602
31 22 669.069508487
31 25 738.344918323
31 28 815.715410126
31 31 903.036721602
31 34 1002.57114783
31 37 1117.55803308
31 40 1252.70885275
31 43 1415.44000029
31 46 1618.59409865
31 49 1888.11541013
34 -50 28.4163932925
34 -47 25.0532459196
34 -44 27.8331162249
34 -41 37.1045250564
34 -38 49.0262956963
34 -35 63.1229512699
34 -32 78.8817709501
34 -29 95.7367874396
34 -26 113.685180914
34 -23 133.223344697
34 -20 154.469377411
34 -17 176.937246304
34 -14 201.190819962
34 -11 226.980983897
34 -8 254.367869143
34 -5 283.476065864
34 -2 314.5514757
34 1 347.902295372
34 4 383.525246192
34 7 421.754754389
34 10 463.030164225
34 13 507.741639634
34 16 556.079344552
34 19 608.833442913
34 22 666.620328159
34 25 730.135082257
34 28 800.433442913
34 31 878.718688815
34 34 966.499016684
34 37 1066.13508226
34 40 1180.36786914
34 43 1313.20065603
34 46 1471.1514757
34 49 1664.09245931
37 -50 25.8472139452
37 -47 32.5169189953
37 -44 42.4281973917
37 -41 54.2259021696
37 -38 67.804918483
37 -35 82.6824267278
37 -32 98.664656292
37 -29 115.547475996
37 -26 133.924984041
37 -23 153.754623313
37 -20 174.712000362
37 -17 197.131803569
37 -14 220.961311766
37 -11 246.112131438
37 -8 272.813770782
37 -5 301.171147831
37 -2 331.272787175
37 1 363.318688815
37 4 397.620328159
37 7 434.269508487
37 10 473.590819962
37 13 515.899016684
37 16 561.623606848
37 19 611.171147831
37 22 664.9514757
37 25 723.708852749
37 28 788.141639634
37 31 859.299016684
37 34 938.223606848
37 37 1026.3809839
37 40 1125.84983636
37 43 1239.13508226
37 46 1369.95475439
37 49 1523.48262324
40 -50 37.3436727055
40 -47 47.3682629695
40 -44 58.9103612181
40 -41 71.9590168437
40 -38 86.1840660721
40 -35 101.267934981
40 -32 117.333312038
40 -29 134.485639779
40 -26 153.154623313
40 -23 172.839869215
40 -20 193.595344568
40 -17 215.68590193
40 -14 239.030164225
40 -11 263.712131438
40 -8 289.741639634
40 -5 317.200656028
40 -2 346.413770782
40 1 377.358033077
40 4 410.37442652
40 7 445.538360946
40 10 483.177705208
40 13 523.492459307
40 16 566.705574061
40 19 613.371147831
40 22 663.849836356
40 25 718.61704947
40 28 778.17442652
40 31 843.41704947
40 34 915.194098651
40 37 994.525246192
40 40 1082.97770521
40 43 1182.08590193
40 46 1294.495738
40 49 1423.21049209
43 -50 52.0298366359
43 -47 63.2714760202
43 -44 75.7262299585
43 -41 89.2561972196
43 -38 103.629967711
43 -35 118.851344825
43 -32 135.036459451
43 -29 152.702164297
43 -26 171.151344625
43 -23 190.506819978
43 -20 211.230164225
43 -17 232.944918323
43 -14 255.81704947
43 -11 279.866229798
43 -8 305.200656028
43 -5 331.97442652
43 -2 360.259672421
43 1 390.246557667
43 4 422.013770782
43 7 455.866229798
43 10 491.849836356
43 13 530.253115044
43 16 571.436721602
43 19 615.535082257
43 22 663.033442913
43 25 714.32852488
43 28 769.905574061
43 31 830.24000029
43 34 896.138360946
43 37 968.335082257
43 40 1048.11213144
43 43 1136.44327898
43 46 1235.31541013
43 49 1346.5809839
46 -50 67.2190170038
46 -47 79.1655742208
46 -44 92.0922627934
46 -41 105.777508695
46 -38 120.267738267
46 -35 135.647148007
46 -32 152.423475772
46 -29 169.718557739
46 -26 187.979869255
46 -23 207.259672421
46 -20 227.600656028
46 -17 248.902295372
46 -14 271.308852749
46 -11 294.790819962
46 -8 319.48590193
46 -5 345.492459307
46 -2 372.971147831
46 1 401.984262585
46 4 432.748197011
46 7 465.299016684
46 10 499.843278979
46 13 536.594098651
46 16 575.84000029
46 19 617.705574061
46 22 662.630164225
46 25 710.971147831
46 28 762.849836356
46 31 819.000656028
46 34 879.967869143
46 37 946.364590454
46 40 1018.99737734
46 43 1098.87278718
46 46 1187.19737734
46 49 1285.46295111
49 -50 82.2114758601
49 -47 94.7184923016
49 -44 107.65619722
49 -41 121.513639907
49 -38 136.227475876
49 -35 151.990688887
49 -32 168.436590526
49 -29 185.630033149
49 -26 203.7514757
49 -23 222.889180618
49 -20 242.876065864
49 -17 263.823606848
49 -14 285.633442913
49 -11 308.626885536
49 -8 332.712131438
49 -5 358.079344552
49 -2 384.705574061
49 1 412.879344552
49 4 442.544918323
49 7 473.948197011
49 10 507.082623241
49 13 542.335082257
49 16 579.833442913
49 19 619.725246192
49 22 662.266229798
49 25 707.925246192
49 28 756.744918323
49 31 809.299016684
49 34 866.164590454
49 37 927.564590454
49 40 994.403934716
49 43 1067.31868881
49 46 1147.26295111
49 49 1235.37442652
